/*--------------------------------*- C++ -*----------------------------------*\
| =========                 |                                                 |
| \\      /  F ield         | OpenFOAM: The Open Source CFD Toolbox           |
|  \\    /   O peration     | Version:  2.2.1                                 |
|   \\  /    A nd           | Web:      www.OpenFOAM.org                      |
|    \\/     M anipulation  |                                                 |
\*---------------------------------------------------------------------------*/
FoamFile
{
    version     2.0;
    format      ascii;
    class       labelList;
    note        "nPoints: 7854 nCells: 6656 nFaces: 21104 nInternalFaces: 18832";
    location    "constant/polyMesh";
    object      neighbour;
}
// * * * * * * * * * * * * * * * * * * * * * * * * * * * * * * * * * * * * * //


18832
(
1
32
416
2
33
417
3
34
418
4
35
419
5
36
420
6
37
421
7
38
422
8
39
423
9
40
424
10
41
425
11
42
426
12
43
427
13
44
428
14
45
429
15
46
430
16
47
431
17
48
432
18
49
433
19
50
434
20
51
435
21
52
436
22
53
437
23
54
438
24
55
439
25
56
440
26
57
441
27
58
442
28
59
443
29
60
444
30
61
445
31
62
446
63
447
33
64
448
34
65
449
35
66
450
36
67
451
37
68
452
38
69
453
39
70
454
40
71
455
41
72
456
42
73
457
43
74
458
44
75
459
45
76
460
46
77
461
47
78
462
48
79
463
49
80
464
50
81
465
51
82
466
52
83
467
53
84
468
54
85
469
55
86
470
56
87
471
57
88
472
58
89
473
59
90
474
60
91
475
61
92
476
62
93
477
63
94
478
95
479
65
96
480
66
97
481
67
98
482
68
99
483
69
100
484
70
101
485
71
102
486
72
103
487
73
104
488
74
105
489
75
106
490
76
107
491
77
108
492
78
109
493
79
110
494
80
111
495
81
112
496
82
113
497
83
114
498
84
115
499
85
116
500
86
117
501
87
118
502
88
119
503
89
120
504
90
121
505
91
122
506
92
123
507
93
124
508
94
125
509
95
126
510
127
511
97
128
512
98
129
513
99
130
514
100
131
515
101
132
516
102
133
517
103
134
518
104
135
519
105
136
520
106
137
521
107
138
522
108
139
523
109
140
524
110
141
525
111
142
526
112
143
527
113
144
528
114
145
529
115
146
530
116
147
531
117
148
532
118
149
533
119
150
534
120
151
535
121
152
536
122
153
537
123
154
538
124
155
539
125
156
540
126
157
541
127
158
542
159
543
129
160
544
130
161
545
131
162
546
132
163
547
133
164
548
134
165
549
135
166
550
136
167
551
137
168
552
138
169
553
139
170
554
140
171
555
141
172
556
142
173
557
143
174
558
144
175
559
145
176
560
146
177
561
147
178
562
148
179
563
149
180
564
150
181
565
151
182
566
152
183
567
153
184
568
154
185
569
155
186
570
156
187
571
157
188
572
158
189
573
159
190
574
191
575
161
192
576
162
193
577
163
194
578
164
195
579
165
196
580
166
197
581
167
198
582
168
199
583
169
200
584
170
201
585
171
202
586
172
203
587
173
204
588
174
205
589
175
206
590
176
207
591
177
208
592
178
209
593
179
210
594
180
211
595
181
212
596
182
213
597
183
214
598
184
215
599
185
216
600
186
217
601
187
218
602
188
219
603
189
220
604
190
221
605
191
222
606
223
607
193
224
608
194
225
609
195
226
610
196
227
611
197
228
612
198
229
613
199
230
614
200
231
615
201
232
616
202
233
617
203
234
618
204
235
619
205
236
620
206
237
621
207
238
622
208
239
623
209
240
624
210
241
625
211
242
626
212
243
627
213
244
628
214
245
629
215
246
630
216
247
631
217
248
632
218
249
633
219
250
634
220
251
635
221
252
636
222
253
637
223
254
638
255
639
225
256
640
226
257
641
227
258
642
228
259
643
229
260
644
230
261
645
231
262
646
232
263
647
233
264
648
234
265
649
235
266
650
236
267
651
237
268
652
238
269
653
239
270
654
240
271
655
241
272
656
242
273
657
243
274
658
244
275
659
245
276
660
246
277
661
247
278
662
248
279
663
249
280
664
250
281
665
251
282
666
252
283
667
253
284
668
254
285
669
255
286
670
287
671
257
288
672
258
289
673
259
290
674
260
291
675
261
292
676
262
293
677
263
294
678
264
295
679
265
296
680
266
297
681
267
298
682
268
299
683
269
300
684
270
301
685
271
302
686
272
303
687
273
304
688
274
305
689
275
306
690
276
307
691
277
308
692
278
309
693
279
310
694
280
311
695
281
312
696
282
313
697
283
314
698
284
315
699
285
316
700
286
317
701
287
318
702
319
703
289
320
704
290
321
705
291
322
706
292
323
707
293
324
708
294
325
709
295
326
710
296
327
711
297
328
712
298
329
713
299
330
714
300
331
715
301
332
716
302
333
717
303
334
718
304
335
719
305
336
720
306
337
721
307
338
722
308
339
723
309
340
724
310
341
725
311
342
726
312
343
727
313
344
728
314
345
729
315
346
730
316
347
731
317
348
732
318
349
733
319
350
734
351
735
321
352
736
322
353
737
323
354
738
324
355
739
325
356
740
326
357
741
327
358
742
328
359
743
329
360
744
330
361
745
331
362
746
332
363
747
333
364
748
334
365
749
335
366
750
336
367
751
337
368
752
338
369
753
339
370
754
340
371
755
341
372
756
342
373
757
343
374
758
344
375
759
345
376
760
346
377
761
347
378
762
348
379
763
349
380
764
350
381
765
351
382
766
383
767
353
384
768
354
385
769
355
386
770
356
387
771
357
388
772
358
389
773
359
390
774
360
391
775
361
392
776
362
393
777
363
394
778
364
395
779
365
396
780
366
397
781
367
398
782
368
399
783
369
400
784
370
401
785
371
402
786
372
403
787
373
404
788
374
405
789
375
406
790
376
407
791
377
408
792
378
409
793
379
410
794
380
411
795
381
412
796
382
413
797
383
414
798
415
799
385
800
386
801
387
802
388
803
389
804
390
805
391
806
392
807
393
808
394
809
395
810
396
811
397
812
398
813
399
814
400
815
401
816
402
817
403
818
404
819
405
820
406
821
407
822
408
823
409
824
410
825
411
826
412
827
413
828
414
829
415
830
831
417
448
832
418
449
833
419
450
834
420
451
835
421
452
836
422
453
837
423
454
838
424
455
839
425
456
840
426
457
841
427
458
842
428
459
843
429
460
844
430
461
845
431
462
846
432
463
847
433
464
848
434
465
849
435
466
850
436
467
851
437
468
852
438
469
853
439
470
854
440
471
855
441
472
856
442
473
857
443
474
858
444
475
859
445
476
860
446
477
861
447
478
862
479
863
449
480
864
450
481
865
451
482
866
452
483
867
453
484
868
454
485
869
455
486
870
456
487
871
457
488
872
458
489
873
459
490
874
460
491
875
461
492
876
462
493
877
463
494
878
464
495
879
465
496
880
466
497
881
467
498
882
468
499
883
469
500
884
470
501
885
471
502
886
472
503
887
473
504
888
474
505
889
475
506
890
476
507
891
477
508
892
478
509
893
479
510
894
511
895
481
512
896
482
513
897
483
514
898
484
515
899
485
516
900
486
517
901
487
518
902
488
519
903
489
520
904
490
521
905
491
522
906
492
523
907
493
524
908
494
525
909
495
526
910
496
527
911
497
528
912
498
529
913
499
530
914
500
531
915
501
532
916
502
533
917
503
534
918
504
535
919
505
536
920
506
537
921
507
538
922
508
539
923
509
540
924
510
541
925
511
542
926
543
927
513
544
928
514
545
929
515
546
930
516
547
931
517
548
932
518
549
933
519
550
934
520
551
935
521
552
936
522
553
937
523
554
938
524
555
939
525
556
940
526
557
941
527
558
942
528
559
943
529
560
944
530
561
945
531
562
946
532
563
947
533
564
948
534
565
949
535
566
950
536
567
951
537
568
952
538
569
953
539
570
954
540
571
955
541
572
956
542
573
957
543
574
958
575
959
545
576
960
546
577
961
547
578
962
548
579
963
549
580
964
550
581
965
551
582
966
552
583
967
553
584
968
554
585
969
555
586
970
556
587
971
557
588
972
558
589
973
559
590
974
560
591
975
561
592
976
562
593
977
563
594
978
564
595
979
565
596
980
566
597
981
567
598
982
568
599
983
569
600
984
570
601
985
571
602
986
572
603
987
573
604
988
574
605
989
575
606
990
607
991
577
608
992
578
609
993
579
610
994
580
611
995
581
612
996
582
613
997
583
614
998
584
615
999
585
616
1000
586
617
1001
587
618
1002
588
619
1003
589
620
1004
590
621
1005
591
622
1006
592
623
1007
593
624
1008
594
625
1009
595
626
1010
596
627
1011
597
628
1012
598
629
1013
599
630
1014
600
631
1015
601
632
1016
602
633
1017
603
634
1018
604
635
1019
605
636
1020
606
637
1021
607
638
1022
639
1023
609
640
1024
610
641
1025
611
642
1026
612
643
1027
613
644
1028
614
645
1029
615
646
1030
616
647
1031
617
648
1032
618
649
1033
619
650
1034
620
651
1035
621
652
1036
622
653
1037
623
654
1038
624
655
1039
625
656
1040
626
657
1041
627
658
1042
628
659
1043
629
660
1044
630
661
1045
631
662
1046
632
663
1047
633
664
1048
634
665
1049
635
666
1050
636
667
1051
637
668
1052
638
669
1053
639
670
1054
671
1055
641
672
1056
642
673
1057
643
674
1058
644
675
1059
645
676
1060
646
677
1061
647
678
1062
648
679
1063
649
680
1064
650
681
1065
651
682
1066
652
683
1067
653
684
1068
654
685
1069
655
686
1070
656
687
1071
657
688
1072
658
689
1073
659
690
1074
660
691
1075
661
692
1076
662
693
1077
663
694
1078
664
695
1079
665
696
1080
666
697
1081
667
698
1082
668
699
1083
669
700
1084
670
701
1085
671
702
1086
703
1087
673
704
1088
674
705
1089
675
706
1090
676
707
1091
677
708
1092
678
709
1093
679
710
1094
680
711
1095
681
712
1096
682
713
1097
683
714
1098
684
715
1099
685
716
1100
686
717
1101
687
718
1102
688
719
1103
689
720
1104
690
721
1105
691
722
1106
692
723
1107
693
724
1108
694
725
1109
695
726
1110
696
727
1111
697
728
1112
698
729
1113
699
730
1114
700
731
1115
701
732
1116
702
733
1117
703
734
1118
735
1119
705
736
1120
706
737
1121
707
738
1122
708
739
1123
709
740
1124
710
741
1125
711
742
1126
712
743
1127
713
744
1128
714
745
1129
715
746
1130
716
747
1131
717
748
1132
718
749
1133
719
750
1134
720
751
1135
721
752
1136
722
753
1137
723
754
1138
724
755
1139
725
756
1140
726
757
1141
727
758
1142
728
759
1143
729
760
1144
730
761
1145
731
762
1146
732
763
1147
733
764
1148
734
765
1149
735
766
1150
767
1151
737
768
1152
738
769
1153
739
770
1154
740
771
1155
741
772
1156
742
773
1157
743
774
1158
744
775
1159
745
776
1160
746
777
1161
747
778
1162
748
779
1163
749
780
1164
750
781
1165
751
782
1166
752
783
1167
753
784
1168
754
785
1169
755
786
1170
756
787
1171
757
788
1172
758
789
1173
759
790
1174
760
791
1175
761
792
1176
762
793
1177
763
794
1178
764
795
1179
765
796
1180
766
797
1181
767
798
1182
799
1183
769
800
1184
770
801
1185
771
802
1186
772
803
1187
773
804
1188
774
805
1189
775
806
1190
776
807
1191
777
808
1192
778
809
1193
779
810
1194
780
811
1195
781
812
1196
782
813
1197
783
814
1198
784
815
1199
785
816
1200
786
817
1201
787
818
1202
788
819
1203
789
820
1204
790
821
1205
791
822
1206
792
823
1207
793
824
1208
794
825
1209
795
826
1210
796
827
1211
797
828
1212
798
829
1213
799
830
1214
831
1215
801
1216
802
1217
803
1218
804
1219
805
1220
806
1221
807
1222
808
1223
809
1224
810
1225
811
1226
812
1227
813
1228
814
1229
815
1230
816
1231
817
1232
818
1233
819
1234
820
1235
821
1236
822
1237
823
1238
824
1239
825
1240
826
1241
827
1242
828
1243
829
1244
830
1245
831
1246
1247
833
864
1248
834
865
1249
835
866
1250
836
867
1251
837
868
1252
838
869
1253
839
870
1254
840
871
1255
841
872
1256
842
873
1257
843
874
1258
844
875
1259
845
876
1260
846
877
1261
847
878
1262
848
879
1263
849
880
1264
850
881
1265
851
882
1266
852
883
1267
853
884
1268
854
885
1269
855
886
1270
856
887
1271
857
888
1272
858
889
1273
859
890
1274
860
891
1275
861
892
1276
862
893
1277
863
894
1278
895
1279
865
896
1280
866
897
1281
867
898
1282
868
899
1283
869
900
1284
870
901
1285
871
902
1286
872
903
1287
873
904
1288
874
905
1289
875
906
1290
876
907
1291
877
908
1292
878
909
1293
879
910
1294
880
911
1295
881
912
1296
882
913
1297
883
914
1298
884
915
1299
885
916
1300
886
917
1301
887
918
1302
888
919
1303
889
920
1304
890
921
1305
891
922
1306
892
923
1307
893
924
1308
894
925
1309
895
926
1310
927
1311
897
928
1312
898
929
1313
899
930
1314
900
931
1315
901
932
1316
902
933
1317
903
934
1318
904
935
1319
905
936
1320
906
937
1321
907
938
1322
908
939
1323
909
940
1324
910
941
1325
911
942
1326
912
943
1327
913
944
1328
914
945
1329
915
946
1330
916
947
1331
917
948
1332
918
949
1333
919
950
1334
920
951
1335
921
952
1336
922
953
1337
923
954
1338
924
955
1339
925
956
1340
926
957
1341
927
958
1342
959
1343
929
960
1344
930
961
1345
931
962
1346
932
963
1347
933
964
1348
934
965
1349
935
966
1350
936
967
1351
937
968
1352
938
969
1353
939
970
1354
940
971
1355
941
972
1356
942
973
1357
943
974
1358
944
975
1359
945
976
1360
946
977
1361
947
978
1362
948
979
1363
949
980
1364
950
981
1365
951
982
1366
952
983
1367
953
984
1368
954
985
1369
955
986
1370
956
987
1371
957
988
1372
958
989
1373
959
990
1374
991
1375
961
992
1376
962
993
1377
963
994
1378
964
995
1379
965
996
1380
966
997
1381
967
998
1382
968
999
1383
969
1000
1384
970
1001
1385
971
1002
1386
972
1003
1387
973
1004
1388
974
1005
1389
975
1006
1390
976
1007
1391
977
1008
1392
978
1009
1393
979
1010
1394
980
1011
1395
981
1012
1396
982
1013
1397
983
1014
1398
984
1015
1399
985
1016
1400
986
1017
1401
987
1018
1402
988
1019
1403
989
1020
1404
990
1021
1405
991
1022
1406
1023
1407
993
1024
1408
994
1025
1409
995
1026
1410
996
1027
1411
997
1028
1412
998
1029
1413
999
1030
1414
1000
1031
1415
1001
1032
1416
1002
1033
1417
1003
1034
1418
1004
1035
1419
1005
1036
1420
1006
1037
1421
1007
1038
1422
1008
1039
1423
1009
1040
1424
1010
1041
1425
1011
1042
1426
1012
1043
1427
1013
1044
1428
1014
1045
1429
1015
1046
1430
1016
1047
1431
1017
1048
1432
1018
1049
1433
1019
1050
1434
1020
1051
1435
1021
1052
1436
1022
1053
1437
1023
1054
1438
1055
1439
1025
1056
1440
1026
1057
1441
1027
1058
1442
1028
1059
1443
1029
1060
1444
1030
1061
1445
1031
1062
1446
1032
1063
1447
1033
1064
1448
1034
1065
1449
1035
1066
1450
1036
1067
1451
1037
1068
1452
1038
1069
1453
1039
1070
1454
1040
1071
1455
1041
1072
1456
1042
1073
1457
1043
1074
1458
1044
1075
1459
1045
1076
1460
1046
1077
1461
1047
1078
1462
1048
1079
1463
1049
1080
1464
1050
1081
1465
1051
1082
1466
1052
1083
1467
1053
1084
1468
1054
1085
1469
1055
1086
1470
1087
1471
1057
1088
1472
1058
1089
1473
1059
1090
1474
1060
1091
1475
1061
1092
1476
1062
1093
1477
1063
1094
1478
1064
1095
1479
1065
1096
1480
1066
1097
1481
1067
1098
1482
1068
1099
1483
1069
1100
1484
1070
1101
1485
1071
1102
1486
1072
1103
1487
1073
1104
1488
1074
1105
1489
1075
1106
1490
1076
1107
1491
1077
1108
1492
1078
1109
1493
1079
1110
1494
1080
1111
1495
1081
1112
1496
1082
1113
1497
1083
1114
1498
1084
1115
1499
1085
1116
1500
1086
1117
1501
1087
1118
1502
1119
1503
1089
1120
1504
1090
1121
1505
1091
1122
1506
1092
1123
1507
1093
1124
1508
1094
1125
1509
1095
1126
1510
1096
1127
1511
1097
1128
1512
1098
1129
1513
1099
1130
1514
1100
1131
1515
1101
1132
1516
1102
1133
1517
1103
1134
1518
1104
1135
1519
1105
1136
1520
1106
1137
1521
1107
1138
1522
1108
1139
1523
1109
1140
1524
1110
1141
1525
1111
1142
1526
1112
1143
1527
1113
1144
1528
1114
1145
1529
1115
1146
1530
1116
1147
1531
1117
1148
1532
1118
1149
1533
1119
1150
1534
1151
1535
1121
1152
1536
1122
1153
1537
1123
1154
1538
1124
1155
1539
1125
1156
1540
1126
1157
1541
1127
1158
1542
1128
1159
1543
1129
1160
1544
1130
1161
1545
1131
1162
1546
1132
1163
1547
1133
1164
1548
1134
1165
1549
1135
1166
1550
1136
1167
1551
1137
1168
1552
1138
1169
1553
1139
1170
1554
1140
1171
1555
1141
1172
1556
1142
1173
1557
1143
1174
1558
1144
1175
1559
1145
1176
1560
1146
1177
1561
1147
1178
1562
1148
1179
1563
1149
1180
1564
1150
1181
1565
1151
1182
1566
1183
1567
1153
1184
1568
1154
1185
1569
1155
1186
1570
1156
1187
1571
1157
1188
1572
1158
1189
1573
1159
1190
1574
1160
1191
1575
1161
1192
1576
1162
1193
1577
1163
1194
1578
1164
1195
1579
1165
1196
1580
1166
1197
1581
1167
1198
1582
1168
1199
1583
1169
1200
1584
1170
1201
1585
1171
1202
1586
1172
1203
1587
1173
1204
1588
1174
1205
1589
1175
1206
1590
1176
1207
1591
1177
1208
1592
1178
1209
1593
1179
1210
1594
1180
1211
1595
1181
1212
1596
1182
1213
1597
1183
1214
1598
1215
1599
1185
1216
1600
1186
1217
1601
1187
1218
1602
1188
1219
1603
1189
1220
1604
1190
1221
1605
1191
1222
1606
1192
1223
1607
1193
1224
1608
1194
1225
1609
1195
1226
1610
1196
1227
1611
1197
1228
1612
1198
1229
1613
1199
1230
1614
1200
1231
1615
1201
1232
1616
1202
1233
1617
1203
1234
1618
1204
1235
1619
1205
1236
1620
1206
1237
1621
1207
1238
1622
1208
1239
1623
1209
1240
1624
1210
1241
1625
1211
1242
1626
1212
1243
1627
1213
1244
1628
1214
1245
1629
1215
1246
1630
1247
1631
1217
1632
1218
1633
1219
1634
1220
1635
1221
1636
1222
1637
1223
1638
1224
1639
1225
1640
1226
1641
1227
1642
1228
1643
1229
1644
1230
1645
1231
1646
1232
1647
1233
1648
1234
1649
1235
1650
1236
1651
1237
1652
1238
1653
1239
1654
1240
1655
1241
1656
1242
1657
1243
1658
1244
1659
1245
1660
1246
1661
1247
1662
1663
1249
1280
1664
1250
1281
1665
1251
1282
1666
1252
1283
1667
1253
1284
1668
1254
1285
1669
1255
1286
1670
1256
1287
1671
1257
1288
1672
1258
1289
1673
1259
1290
1674
1260
1291
1675
1261
1292
1676
1262
1293
1677
1263
1294
1678
1264
1295
1679
1265
1296
1680
1266
1297
1681
1267
1298
1682
1268
1299
1683
1269
1300
1684
1270
1301
1685
1271
1302
1686
1272
1303
1687
1273
1304
1688
1274
1305
1689
1275
1306
1690
1276
1307
1691
1277
1308
1692
1278
1309
1693
1279
1310
1694
1311
1695
1281
1312
1696
1282
1313
1697
1283
1314
1698
1284
1315
1699
1285
1316
1700
1286
1317
1701
1287
1318
1702
1288
1319
1703
1289
1320
1704
1290
1321
1705
1291
1322
1706
1292
1323
1707
1293
1324
1708
1294
1325
1709
1295
1326
1710
1296
1327
1711
1297
1328
1712
1298
1329
1713
1299
1330
1714
1300
1331
1715
1301
1332
1716
1302
1333
1717
1303
1334
1718
1304
1335
1719
1305
1336
1720
1306
1337
1721
1307
1338
1722
1308
1339
1723
1309
1340
1724
1310
1341
1725
1311
1342
1726
1343
1727
1313
1344
1728
1314
1345
1729
1315
1346
1730
1316
1347
1731
1317
1348
1732
1318
1349
1733
1319
1350
1734
1320
1351
1735
1321
1352
1736
1322
1353
1737
1323
1354
1738
1324
1355
1739
1325
1356
1740
1326
1357
1741
1327
1358
1742
1328
1359
1743
1329
1360
1744
1330
1361
1745
1331
1362
1746
1332
1363
1747
1333
1364
1748
1334
1365
1749
1335
1366
1750
1336
1367
1751
1337
1368
1752
1338
1369
1753
1339
1370
1754
1340
1371
1755
1341
1372
1756
1342
1373
1757
1343
1374
1758
1375
1759
1345
1376
1760
1346
1377
1761
1347
1378
1762
1348
1379
1763
1349
1380
1764
1350
1381
1765
1351
1382
1766
1352
1383
1767
1353
1384
1768
1354
1385
1769
1355
1386
1770
1356
1387
1771
1357
1388
1772
1358
1389
1773
1359
1390
1774
1360
1391
1775
1361
1392
1776
1362
1393
1777
1363
1394
1778
1364
1395
1779
1365
1396
1780
1366
1397
1781
1367
1398
1782
1368
1399
1783
1369
1400
1784
1370
1401
1785
1371
1402
1786
1372
1403
1787
1373
1404
1788
1374
1405
1789
1375
1406
1790
1407
1791
1377
1408
1792
1378
1409
1793
1379
1410
1794
1380
1411
1795
1381
1412
1796
1382
1413
1797
1383
1414
1798
1384
1415
1799
1385
1416
1800
1386
1417
1801
1387
1418
1802
1388
1419
1803
1389
1420
1804
1390
1421
1805
1391
1422
1806
1392
1423
1807
1393
1424
1808
1394
1425
1809
1395
1426
1810
1396
1427
1811
1397
1428
1812
1398
1429
1813
1399
1430
1814
1400
1431
1815
1401
1432
1816
1402
1433
1817
1403
1434
1818
1404
1435
1819
1405
1436
1820
1406
1437
1821
1407
1438
1822
1439
1823
1409
1440
1824
1410
1441
1825
1411
1442
1826
1412
1443
1827
1413
1444
1828
1414
1445
1829
1415
1446
1830
1416
1447
1831
1417
1448
1832
1418
1449
1833
1419
1450
1834
1420
1451
1835
1421
1452
1836
1422
1453
1837
1423
1454
1838
1424
1455
1839
1425
1456
1840
1426
1457
1841
1427
1458
1842
1428
1459
1843
1429
1460
1844
1430
1461
1845
1431
1462
1846
1432
1463
1847
1433
1464
1848
1434
1465
1849
1435
1466
1850
1436
1467
1851
1437
1468
1852
1438
1469
1853
1439
1470
1854
1471
1855
1441
1472
1856
1442
1473
1857
1443
1474
1858
1444
1475
1859
1445
1476
1860
1446
1477
1861
1447
1478
1862
1448
1479
1863
1449
1480
1864
1450
1481
1865
1451
1482
1866
1452
1483
1867
1453
1484
1868
1454
1485
1869
1455
1486
1870
1456
1487
1871
1457
1488
1872
1458
1489
1873
1459
1490
1874
1460
1491
1875
1461
1492
1876
1462
1493
1877
1463
1494
1878
1464
1495
1879
1465
1496
1880
1466
1497
1881
1467
1498
1882
1468
1499
1883
1469
1500
1884
1470
1501
1885
1471
1502
1886
1503
1887
1473
1504
1888
1474
1505
1889
1475
1506
1890
1476
1507
1891
1477
1508
1892
1478
1509
1893
1479
1510
1894
1480
1511
1895
1481
1512
1896
1482
1513
1897
1483
1514
1898
1484
1515
1899
1485
1516
1900
1486
1517
1901
1487
1518
1902
1488
1519
1903
1489
1520
1904
1490
1521
1905
1491
1522
1906
1492
1523
1907
1493
1524
1908
1494
1525
1909
1495
1526
1910
1496
1527
1911
1497
1528
1912
1498
1529
1913
1499
1530
1914
1500
1531
1915
1501
1532
1916
1502
1533
1917
1503
1534
1918
1535
1919
1505
1536
1920
1506
1537
1921
1507
1538
1922
1508
1539
1923
1509
1540
1924
1510
1541
1925
1511
1542
1926
1512
1543
1927
1513
1544
1928
1514
1545
1929
1515
1546
1930
1516
1547
1931
1517
1548
1932
1518
1549
1933
1519
1550
1934
1520
1551
1935
1521
1552
1936
1522
1553
1937
1523
1554
1938
1524
1555
1939
1525
1556
1940
1526
1557
1941
1527
1558
1942
1528
1559
1943
1529
1560
1944
1530
1561
1945
1531
1562
1946
1532
1563
1947
1533
1564
1948
1534
1565
1949
1535
1566
1950
1567
1951
1537
1568
1952
1538
1569
1953
1539
1570
1954
1540
1571
1955
1541
1572
1956
1542
1573
1957
1543
1574
1958
1544
1575
1959
1545
1576
1960
1546
1577
1961
1547
1578
1962
1548
1579
1963
1549
1580
1964
1550
1581
1965
1551
1582
1966
1552
1583
1967
1553
1584
1968
1554
1585
1969
1555
1586
1970
1556
1587
1971
1557
1588
1972
1558
1589
1973
1559
1590
1974
1560
1591
1975
1561
1592
1976
1562
1593
1977
1563
1594
1978
1564
1595
1979
1565
1596
1980
1566
1597
1981
1567
1598
1982
1599
1983
1569
1600
1984
1570
1601
1985
1571
1602
1986
1572
1603
1987
1573
1604
1988
1574
1605
1989
1575
1606
1990
1576
1607
1991
1577
1608
1992
1578
1609
1993
1579
1610
1994
1580
1611
1995
1581
1612
1996
1582
1613
1997
1583
1614
1998
1584
1615
1999
1585
1616
2000
1586
1617
2001
1587
1618
2002
1588
1619
2003
1589
1620
2004
1590
1621
2005
1591
1622
2006
1592
1623
2007
1593
1624
2008
1594
1625
2009
1595
1626
2010
1596
1627
2011
1597
1628
2012
1598
1629
2013
1599
1630
2014
1631
2015
1601
1632
2016
1602
1633
2017
1603
1634
2018
1604
1635
2019
1605
1636
2020
1606
1637
2021
1607
1638
2022
1608
1639
2023
1609
1640
2024
1610
1641
2025
1611
1642
2026
1612
1643
2027
1613
1644
2028
1614
1645
2029
1615
1646
2030
1616
1647
2031
1617
1648
2032
1618
1649
2033
1619
1650
2034
1620
1651
2035
1621
1652
2036
1622
1653
2037
1623
1654
2038
1624
1655
2039
1625
1656
2040
1626
1657
2041
1627
1658
2042
1628
1659
2043
1629
1660
2044
1630
1661
2045
1631
1662
2046
1663
2047
1633
2048
1634
2049
1635
2050
1636
2051
1637
2052
1638
2053
1639
2054
1640
2055
1641
2056
1642
2057
1643
2058
1644
2059
1645
2060
1646
2061
1647
2062
1648
2063
1649
2064
1650
2065
1651
2066
1652
2067
1653
2068
1654
2069
1655
2070
1656
2071
1657
2072
1658
2073
1659
2074
1660
2075
1661
2076
1662
2077
1663
2078
2079
1665
1696
2080
1666
1697
2081
1667
1698
2082
1668
1699
2083
1669
1700
2084
1670
1701
2085
1671
1702
2086
1672
1703
2087
1673
1704
2088
1674
1705
2089
1675
1706
2090
1676
1707
2091
1677
1708
2092
1678
1709
2093
1679
1710
2094
1680
1711
2095
1681
1712
2096
1682
1713
2097
1683
1714
2098
1684
1715
2099
1685
1716
2100
1686
1717
2101
1687
1718
2102
1688
1719
2103
1689
1720
2104
1690
1721
2105
1691
1722
2106
1692
1723
2107
1693
1724
2108
1694
1725
2109
1695
1726
2110
1727
2111
1697
1728
2112
1698
1729
2113
1699
1730
2114
1700
1731
2115
1701
1732
2116
1702
1733
2117
1703
1734
2118
1704
1735
2119
1705
1736
2120
1706
1737
2121
1707
1738
2122
1708
1739
2123
1709
1740
2124
1710
1741
2125
1711
1742
2126
1712
1743
2127
1713
1744
2128
1714
1745
2129
1715
1746
2130
1716
1747
2131
1717
1748
2132
1718
1749
2133
1719
1750
2134
1720
1751
2135
1721
1752
2136
1722
1753
2137
1723
1754
2138
1724
1755
2139
1725
1756
2140
1726
1757
2141
1727
1758
2142
1759
2143
1729
1760
2144
1730
1761
2145
1731
1762
2146
1732
1763
2147
1733
1764
2148
1734
1765
2149
1735
1766
2150
1736
1767
2151
1737
1768
2152
1738
1769
2153
1739
1770
2154
1740
1771
2155
1741
1772
2156
1742
1773
2157
1743
1774
2158
1744
1775
2159
1745
1776
2160
1746
1777
2161
1747
1778
2162
1748
1779
2163
1749
1780
2164
1750
1781
2165
1751
1782
2166
1752
1783
2167
1753
1784
2168
1754
1785
2169
1755
1786
2170
1756
1787
2171
1757
1788
2172
1758
1789
2173
1759
1790
2174
1791
2175
1761
1792
2176
1762
1793
2177
1763
1794
2178
1764
1795
2179
1765
1796
2180
1766
1797
2181
1767
1798
2182
1768
1799
2183
1769
1800
2184
1770
1801
2185
1771
1802
2186
1772
1803
2187
1773
1804
2188
1774
1805
2189
1775
1806
2190
1776
1807
2191
1777
1808
2192
1778
1809
2193
1779
1810
2194
1780
1811
2195
1781
1812
2196
1782
1813
2197
1783
1814
2198
1784
1815
2199
1785
1816
2200
1786
1817
2201
1787
1818
2202
1788
1819
2203
1789
1820
2204
1790
1821
2205
1791
1822
2206
1823
2207
1793
1824
2208
1794
1825
2209
1795
1826
2210
1796
1827
2211
1797
1828
2212
1798
1829
2213
1799
1830
2214
1800
1831
2215
1801
1832
2216
1802
1833
2217
1803
1834
2218
1804
1835
2219
1805
1836
2220
1806
1837
2221
1807
1838
2222
1808
1839
2223
1809
1840
2224
1810
1841
2225
1811
1842
2226
1812
1843
2227
1813
1844
2228
1814
1845
2229
1815
1846
2230
1816
1847
2231
1817
1848
2232
1818
1849
2233
1819
1850
2234
1820
1851
2235
1821
1852
2236
1822
1853
2237
1823
1854
2238
1855
2239
1825
1856
2240
1826
1857
2241
1827
1858
2242
1828
1859
2243
1829
1860
2244
1830
1861
2245
1831
1862
2246
1832
1863
2247
1833
1864
2248
1834
1865
2249
1835
1866
2250
1836
1867
2251
1837
1868
2252
1838
1869
2253
1839
1870
2254
1840
1871
2255
1841
1872
2256
1842
1873
2257
1843
1874
2258
1844
1875
2259
1845
1876
2260
1846
1877
2261
1847
1878
2262
1848
1879
2263
1849
1880
2264
1850
1881
2265
1851
1882
2266
1852
1883
2267
1853
1884
2268
1854
1885
2269
1855
1886
2270
1887
2271
1857
1888
2272
1858
1889
2273
1859
1890
2274
1860
1891
2275
1861
1892
2276
1862
1893
2277
1863
1894
2278
1864
1895
2279
1865
1896
2280
1866
1897
2281
1867
1898
2282
1868
1899
2283
1869
1900
2284
1870
1901
2285
1871
1902
2286
1872
1903
2287
1873
1904
2288
1874
1905
2289
1875
1906
2290
1876
1907
2291
1877
1908
2292
1878
1909
2293
1879
1910
2294
1880
1911
2295
1881
1912
2296
1882
1913
2297
1883
1914
2298
1884
1915
2299
1885
1916
2300
1886
1917
2301
1887
1918
2302
1919
2303
1889
1920
2304
1890
1921
2305
1891
1922
2306
1892
1923
2307
1893
1924
2308
1894
1925
2309
1895
1926
2310
1896
1927
2311
1897
1928
2312
1898
1929
2313
1899
1930
2314
1900
1931
2315
1901
1932
2316
1902
1933
2317
1903
1934
2318
1904
1935
2319
1905
1936
2320
1906
1937
2321
1907
1938
2322
1908
1939
2323
1909
1940
2324
1910
1941
2325
1911
1942
2326
1912
1943
2327
1913
1944
2328
1914
1945
2329
1915
1946
2330
1916
1947
2331
1917
1948
2332
1918
1949
2333
1919
1950
2334
1951
2335
1921
1952
2336
1922
1953
2337
1923
1954
2338
1924
1955
2339
1925
1956
2340
1926
1957
2341
1927
1958
2342
1928
1959
2343
1929
1960
2344
1930
1961
2345
1931
1962
2346
1932
1963
2347
1933
1964
2348
1934
1965
2349
1935
1966
2350
1936
1967
2351
1937
1968
2352
1938
1969
2353
1939
1970
2354
1940
1971
2355
1941
1972
2356
1942
1973
2357
1943
1974
2358
1944
1975
2359
1945
1976
2360
1946
1977
2361
1947
1978
2362
1948
1979
2363
1949
1980
2364
1950
1981
2365
1951
1982
2366
1983
2367
1953
1984
2368
1954
1985
2369
1955
1986
2370
1956
1987
2371
1957
1988
2372
1958
1989
2373
1959
1990
2374
1960
1991
2375
1961
1992
2376
1962
1993
2377
1963
1994
2378
1964
1995
2379
1965
1996
2380
1966
1997
2381
1967
1998
2382
1968
1999
2383
1969
2000
2384
1970
2001
2385
1971
2002
2386
1972
2003
2387
1973
2004
2388
1974
2005
2389
1975
2006
2390
1976
2007
2391
1977
2008
2392
1978
2009
2393
1979
2010
2394
1980
2011
2395
1981
2012
2396
1982
2013
2397
1983
2014
2398
2015
2399
1985
2016
2400
1986
2017
2401
1987
2018
2402
1988
2019
2403
1989
2020
2404
1990
2021
2405
1991
2022
2406
1992
2023
2407
1993
2024
2408
1994
2025
2409
1995
2026
2410
1996
2027
2411
1997
2028
2412
1998
2029
2413
1999
2030
2414
2000
2031
2415
2001
2032
2416
2002
2033
2417
2003
2034
2418
2004
2035
2419
2005
2036
2420
2006
2037
2421
2007
2038
2422
2008
2039
2423
2009
2040
2424
2010
2041
2425
2011
2042
2426
2012
2043
2427
2013
2044
2428
2014
2045
2429
2015
2046
2430
2047
2431
2017
2048
2432
2018
2049
2433
2019
2050
2434
2020
2051
2435
2021
2052
2436
2022
2053
2437
2023
2054
2438
2024
2055
2439
2025
2056
2440
2026
2057
2441
2027
2058
2442
2028
2059
2443
2029
2060
2444
2030
2061
2445
2031
2062
2446
2032
2063
2447
2033
2064
2448
2034
2065
2449
2035
2066
2450
2036
2067
2451
2037
2068
2452
2038
2069
2453
2039
2070
2454
2040
2071
2455
2041
2072
2456
2042
2073
2457
2043
2074
2458
2044
2075
2459
2045
2076
2460
2046
2077
2461
2047
2078
2462
2079
2463
2049
2464
2050
2465
2051
2466
2052
2467
2053
2468
2054
2469
2055
2470
2056
2471
2057
2472
2058
2473
2059
2474
2060
2475
2061
2476
2062
2477
2063
2478
2064
2479
2065
2480
2066
2481
2067
2482
2068
2483
2069
2484
2070
2485
2071
2486
2072
2487
2073
2488
2074
2489
2075
2490
2076
2491
2077
2492
2078
2493
2079
2494
2495
2081
2112
2496
2082
2113
2497
2083
2114
2498
2084
2115
2499
2085
2116
2500
2086
2117
2501
2087
2118
2502
2088
2119
2503
2089
2120
2504
2090
2121
2505
2091
2122
2506
2092
2123
2507
2093
2124
2508
2094
2125
2509
2095
2126
2510
2096
2127
2511
2097
2128
2512
2098
2129
2513
2099
2130
2514
2100
2131
2515
2101
2132
2516
2102
2133
2517
2103
2134
2518
2104
2135
2519
2105
2136
2520
2106
2137
2521
2107
2138
2522
2108
2139
2523
2109
2140
2524
2110
2141
2525
2111
2142
2526
2143
2527
2113
2144
2528
2114
2145
2529
2115
2146
2530
2116
2147
2531
2117
2148
2532
2118
2149
2533
2119
2150
2534
2120
2151
2535
2121
2152
2536
2122
2153
2537
2123
2154
2538
2124
2155
2539
2125
2156
2540
2126
2157
2541
2127
2158
2542
2128
2159
2543
2129
2160
2544
2130
2161
2545
2131
2162
2546
2132
2163
2547
2133
2164
2548
2134
2165
2549
2135
2166
2550
2136
2167
2551
2137
2168
2552
2138
2169
2553
2139
2170
2554
2140
2171
2555
2141
2172
2556
2142
2173
2557
2143
2174
2558
2175
2559
2145
2176
2560
2146
2177
2561
2147
2178
2562
2148
2179
2563
2149
2180
2564
2150
2181
2565
2151
2182
2566
2152
2183
2567
2153
2184
2568
2154
2185
2569
2155
2186
2570
2156
2187
2571
2157
2188
2572
2158
2189
2573
2159
2190
2574
2160
2191
2575
2161
2192
2576
2162
2193
2577
2163
2194
2578
2164
2195
2579
2165
2196
2580
2166
2197
2581
2167
2198
2582
2168
2199
2583
2169
2200
2584
2170
2201
2585
2171
2202
2586
2172
2203
2587
2173
2204
2588
2174
2205
2589
2175
2206
2590
2207
2591
2177
2208
2592
2178
2209
2593
2179
2210
2594
2180
2211
2595
2181
2212
2596
2182
2213
2597
2183
2214
2598
2184
2215
2599
2185
2216
2600
2186
2217
2601
2187
2218
2602
2188
2219
2603
2189
2220
2604
2190
2221
2605
2191
2222
2606
2192
2223
2607
2193
2224
2608
2194
2225
2609
2195
2226
2610
2196
2227
2611
2197
2228
2612
2198
2229
2613
2199
2230
2614
2200
2231
2615
2201
2232
2616
2202
2233
2617
2203
2234
2618
2204
2235
2619
2205
2236
2620
2206
2237
2621
2207
2238
2622
2239
2623
2209
2240
2624
2210
2241
2625
2211
2242
2626
2212
2243
2627
2213
2244
2628
2214
2245
2629
2215
2246
2630
2216
2247
2631
2217
2248
2632
2218
2249
2633
2219
2250
2634
2220
2251
2635
2221
2252
2636
2222
2253
2637
2223
2254
2638
2224
2255
2639
2225
2256
2640
2226
2257
2641
2227
2258
2642
2228
2259
2643
2229
2260
2644
2230
2261
2645
2231
2262
2646
2232
2263
2647
2233
2264
2648
2234
2265
2649
2235
2266
2650
2236
2267
2651
2237
2268
2652
2238
2269
2653
2239
2270
2654
2271
2655
2241
2272
2656
2242
2273
2657
2243
2274
2658
2244
2275
2659
2245
2276
2660
2246
2277
2661
2247
2278
2662
2248
2279
2663
2249
2280
2664
2250
2281
2665
2251
2282
2666
2252
2283
2667
2253
2284
2668
2254
2285
2669
2255
2286
2670
2256
2287
2671
2257
2288
2672
2258
2289
2673
2259
2290
2674
2260
2291
2675
2261
2292
2676
2262
2293
2677
2263
2294
2678
2264
2295
2679
2265
2296
2680
2266
2297
2681
2267
2298
2682
2268
2299
2683
2269
2300
2684
2270
2301
2685
2271
2302
2686
2303
2687
2273
2304
2688
2274
2305
2689
2275
2306
2690
2276
2307
2691
2277
2308
2692
2278
2309
2693
2279
2310
2694
2280
2311
2695
2281
2312
2696
2282
2313
2697
2283
2314
2698
2284
2315
2699
2285
2316
2700
2286
2317
2701
2287
2318
2702
2288
2319
2703
2289
2320
2704
2290
2321
2705
2291
2322
2706
2292
2323
2707
2293
2324
2708
2294
2325
2709
2295
2326
2710
2296
2327
2711
2297
2328
2712
2298
2329
2713
2299
2330
2714
2300
2331
2715
2301
2332
2716
2302
2333
2717
2303
2334
2718
2335
2719
2305
2336
2720
2306
2337
2721
2307
2338
2722
2308
2339
2723
2309
2340
2724
2310
2341
2725
2311
2342
2726
2312
2343
2727
2313
2344
2728
2314
2345
2729
2315
2346
2730
2316
2347
2731
2317
2348
2732
2318
2349
2733
2319
2350
2734
2320
2351
2735
2321
2352
2736
2322
2353
2737
2323
2354
2738
2324
2355
2739
2325
2356
2740
2326
2357
2741
2327
2358
2742
2328
2359
2743
2329
2360
2744
2330
2361
2745
2331
2362
2746
2332
2363
2747
2333
2364
2748
2334
2365
2749
2335
2366
2750
2367
2751
2337
2368
2752
2338
2369
2753
2339
2370
2754
2340
2371
2755
2341
2372
2756
2342
2373
2757
2343
2374
2758
2344
2375
2759
2345
2376
2760
2346
2377
2761
2347
2378
2762
2348
2379
2763
2349
2380
2764
2350
2381
2765
2351
2382
2766
2352
2383
2767
2353
2384
2768
2354
2385
2769
2355
2386
2770
2356
2387
2771
2357
2388
2772
2358
2389
2773
2359
2390
2774
2360
2391
2775
2361
2392
2776
2362
2393
2777
2363
2394
2778
2364
2395
2779
2365
2396
2780
2366
2397
2781
2367
2398
2782
2399
2783
2369
2400
2784
2370
2401
2785
2371
2402
2786
2372
2403
2787
2373
2404
2788
2374
2405
2789
2375
2406
2790
2376
2407
2791
2377
2408
2792
2378
2409
2793
2379
2410
2794
2380
2411
2795
2381
2412
2796
2382
2413
2797
2383
2414
2798
2384
2415
2799
2385
2416
2800
2386
2417
2801
2387
2418
2802
2388
2419
2803
2389
2420
2804
2390
2421
2805
2391
2422
2806
2392
2423
2807
2393
2424
2808
2394
2425
2809
2395
2426
2810
2396
2427
2811
2397
2428
2812
2398
2429
2813
2399
2430
2814
2431
2815
2401
2432
2816
2402
2433
2817
2403
2434
2818
2404
2435
2819
2405
2436
2820
2406
2437
2821
2407
2438
2822
2408
2439
2823
2409
2440
2824
2410
2441
2825
2411
2442
2826
2412
2443
2827
2413
2444
2828
2414
2445
2829
2415
2446
2830
2416
2447
2831
2417
2448
2832
2418
2449
2833
2419
2450
2834
2420
2451
2835
2421
2452
2836
2422
2453
2837
2423
2454
2838
2424
2455
2839
2425
2456
2840
2426
2457
2841
2427
2458
2842
2428
2459
2843
2429
2460
2844
2430
2461
2845
2431
2462
2846
2463
2847
2433
2464
2848
2434
2465
2849
2435
2466
2850
2436
2467
2851
2437
2468
2852
2438
2469
2853
2439
2470
2854
2440
2471
2855
2441
2472
2856
2442
2473
2857
2443
2474
2858
2444
2475
2859
2445
2476
2860
2446
2477
2861
2447
2478
2862
2448
2479
2863
2449
2480
2864
2450
2481
2865
2451
2482
2866
2452
2483
2867
2453
2484
2868
2454
2485
2869
2455
2486
2870
2456
2487
2871
2457
2488
2872
2458
2489
2873
2459
2490
2874
2460
2491
2875
2461
2492
2876
2462
2493
2877
2463
2494
2878
2495
2879
2465
2880
2466
2881
2467
2882
2468
2883
2469
2884
2470
2885
2471
2886
2472
2887
2473
2888
2474
2889
2475
2890
2476
2891
2477
2892
2478
2893
2479
2894
2480
2895
2481
2896
2482
2897
2483
2898
2484
2899
2485
2900
2486
2901
2487
2902
2488
2903
2489
2904
2490
2905
2491
2906
2492
2907
2493
2908
2494
2909
2495
2910
2911
2497
2528
2912
2498
2529
2913
2499
2530
2914
2500
2531
2915
2501
2532
2916
2502
2533
2917
2503
2534
2918
2504
2535
2919
2505
2536
2920
2506
2537
2921
2507
2538
2922
2508
2539
2923
2509
2540
2924
2510
2541
2925
2511
2542
2926
2512
2543
2927
2513
2544
2928
2514
2545
2929
2515
2546
2930
2516
2547
2931
2517
2548
2932
2518
2549
2933
2519
2550
2934
2520
2551
2935
2521
2552
2936
2522
2553
2937
2523
2554
2938
2524
2555
2939
2525
2556
2940
2526
2557
2941
2527
2558
2942
2559
2943
2529
2560
2944
2530
2561
2945
2531
2562
2946
2532
2563
2947
2533
2564
2948
2534
2565
2949
2535
2566
2950
2536
2567
2951
2537
2568
2952
2538
2569
2953
2539
2570
2954
2540
2571
2955
2541
2572
2956
2542
2573
2957
2543
2574
2958
2544
2575
2959
2545
2576
2960
2546
2577
2961
2547
2578
2962
2548
2579
2963
2549
2580
2964
2550
2581
2965
2551
2582
2966
2552
2583
2967
2553
2584
2968
2554
2585
2969
2555
2586
2970
2556
2587
2971
2557
2588
2972
2558
2589
2973
2559
2590
2974
2591
2975
2561
2592
2976
2562
2593
2977
2563
2594
2978
2564
2595
2979
2565
2596
2980
2566
2597
2981
2567
2598
2982
2568
2599
2983
2569
2600
2984
2570
2601
2985
2571
2602
2986
2572
2603
2987
2573
2604
2988
2574
2605
2989
2575
2606
2990
2576
2607
2991
2577
2608
2992
2578
2609
2993
2579
2610
2994
2580
2611
2995
2581
2612
2996
2582
2613
2997
2583
2614
2998
2584
2615
2999
2585
2616
3000
2586
2617
3001
2587
2618
3002
2588
2619
3003
2589
2620
3004
2590
2621
3005
2591
2622
3006
2623
3007
2593
2624
3008
2594
2625
3009
2595
2626
3010
2596
2627
3011
2597
2628
3012
2598
2629
3013
2599
2630
3014
2600
2631
3015
2601
2632
3016
2602
2633
3017
2603
2634
3018
2604
2635
3019
2605
2636
3020
2606
2637
3021
2607
2638
3022
2608
2639
3023
2609
2640
3024
2610
2641
3025
2611
2642
3026
2612
2643
3027
2613
2644
3028
2614
2645
3029
2615
2646
3030
2616
2647
3031
2617
2648
3032
2618
2649
3033
2619
2650
3034
2620
2651
3035
2621
2652
3036
2622
2653
3037
2623
2654
3038
2655
3039
2625
2656
3040
2626
2657
3041
2627
2658
3042
2628
2659
3043
2629
2660
3044
2630
2661
3045
2631
2662
3046
2632
2663
3047
2633
2664
3048
2634
2665
3049
2635
2666
3050
2636
2667
3051
2637
2668
3052
2638
2669
3053
2639
2670
3054
2640
2671
3055
2641
2672
3056
2642
2673
3057
2643
2674
3058
2644
2675
3059
2645
2676
3060
2646
2677
3061
2647
2678
3062
2648
2679
3063
2649
2680
3064
2650
2681
3065
2651
2682
3066
2652
2683
3067
2653
2684
3068
2654
2685
3069
2655
2686
3070
2687
3071
2657
2688
3072
2658
2689
3073
2659
2690
3074
2660
2691
3075
2661
2692
3076
2662
2693
3077
2663
2694
3078
2664
2695
3079
2665
2696
3080
2666
2697
3081
2667
2698
3082
2668
2699
3083
2669
2700
3084
2670
2701
3085
2671
2702
3086
2672
2703
3087
2673
2704
3088
2674
2705
3089
2675
2706
3090
2676
2707
3091
2677
2708
3092
2678
2709
3093
2679
2710
3094
2680
2711
3095
2681
2712
3096
2682
2713
3097
2683
2714
3098
2684
2715
3099
2685
2716
3100
2686
2717
3101
2687
2718
3102
2719
3103
2689
2720
3104
2690
2721
3105
2691
2722
3106
2692
2723
3107
2693
2724
3108
2694
2725
3109
2695
2726
3110
2696
2727
3111
2697
2728
3112
2698
2729
3113
2699
2730
3114
2700
2731
3115
2701
2732
3116
2702
2733
3117
2703
2734
3118
2704
2735
3119
2705
2736
3120
2706
2737
3121
2707
2738
3122
2708
2739
3123
2709
2740
3124
2710
2741
3125
2711
2742
3126
2712
2743
3127
2713
2744
3128
2714
2745
3129
2715
2746
3130
2716
2747
3131
2717
2748
3132
2718
2749
3133
2719
2750
3134
2751
3135
2721
2752
3136
2722
2753
3137
2723
2754
3138
2724
2755
3139
2725
2756
3140
2726
2757
3141
2727
2758
3142
2728
2759
3143
2729
2760
3144
2730
2761
3145
2731
2762
3146
2732
2763
3147
2733
2764
3148
2734
2765
3149
2735
2766
3150
2736
2767
3151
2737
2768
3152
2738
2769
3153
2739
2770
3154
2740
2771
3155
2741
2772
3156
2742
2773
3157
2743
2774
3158
2744
2775
3159
2745
2776
3160
2746
2777
3161
2747
2778
3162
2748
2779
3163
2749
2780
3164
2750
2781
3165
2751
2782
3166
2783
3167
2753
2784
3168
2754
2785
3169
2755
2786
3170
2756
2787
3171
2757
2788
3172
2758
2789
3173
2759
2790
3174
2760
2791
3175
2761
2792
3176
2762
2793
3177
2763
2794
3178
2764
2795
3179
2765
2796
3180
2766
2797
3181
2767
2798
3182
2768
2799
3183
2769
2800
3184
2770
2801
3185
2771
2802
3186
2772
2803
3187
2773
2804
3188
2774
2805
3189
2775
2806
3190
2776
2807
3191
2777
2808
3192
2778
2809
3193
2779
2810
3194
2780
2811
3195
2781
2812
3196
2782
2813
3197
2783
2814
3198
2815
3199
2785
2816
3200
2786
2817
3201
2787
2818
3202
2788
2819
3203
2789
2820
3204
2790
2821
3205
2791
2822
3206
2792
2823
3207
2793
2824
3208
2794
2825
3209
2795
2826
3210
2796
2827
3211
2797
2828
3212
2798
2829
3213
2799
2830
3214
2800
2831
3215
2801
2832
3216
2802
2833
3217
2803
2834
3218
2804
2835
3219
2805
2836
3220
2806
2837
3221
2807
2838
3222
2808
2839
3223
2809
2840
3224
2810
2841
3225
2811
2842
3226
2812
2843
3227
2813
2844
3228
2814
2845
3229
2815
2846
3230
2847
3231
2817
2848
3232
2818
2849
3233
2819
2850
3234
2820
2851
3235
2821
2852
3236
2822
2853
3237
2823
2854
3238
2824
2855
3239
2825
2856
3240
2826
2857
3241
2827
2858
3242
2828
2859
3243
2829
2860
3244
2830
2861
3245
2831
2862
3246
2832
2863
3247
2833
2864
3248
2834
2865
3249
2835
2866
3250
2836
2867
3251
2837
2868
3252
2838
2869
3253
2839
2870
3254
2840
2871
3255
2841
2872
3256
2842
2873
3257
2843
2874
3258
2844
2875
3259
2845
2876
3260
2846
2877
3261
2847
2878
3262
2879
3263
2849
2880
3264
2850
2881
3265
2851
2882
3266
2852
2883
3267
2853
2884
3268
2854
2885
3269
2855
2886
3270
2856
2887
3271
2857
2888
3272
2858
2889
3273
2859
2890
3274
2860
2891
3275
2861
2892
3276
2862
2893
3277
2863
2894
3278
2864
2895
3279
2865
2896
3280
2866
2897
3281
2867
2898
3282
2868
2899
3283
2869
2900
3284
2870
2901
3285
2871
2902
3286
2872
2903
3287
2873
2904
3288
2874
2905
3289
2875
2906
3290
2876
2907
3291
2877
2908
3292
2878
2909
3293
2879
2910
3294
2911
3295
2881
3296
2882
3297
2883
3298
2884
3299
2885
3300
2886
3301
2887
3302
2888
3303
2889
3304
2890
3305
2891
3306
2892
3307
2893
3308
2894
3309
2895
3310
2896
3311
2897
3312
2898
3313
2899
3314
2900
3315
2901
3316
2902
3317
2903
3318
2904
3319
2905
3320
2906
3321
2907
3322
2908
3323
2909
3324
2910
3325
2911
3326
3327
2913
2944
3328
2914
2945
3329
2915
2946
3330
2916
2947
3331
2917
2948
3332
2918
2949
3333
2919
2950
3334
2920
2951
3335
2921
2952
3336
2922
2953
3337
2923
2954
3338
2924
2955
3339
2925
2956
3340
2926
2957
3341
2927
2958
3342
2928
2959
3343
2929
2960
3344
2930
2961
3345
2931
2962
3346
2932
2963
3347
2933
2964
3348
2934
2965
3349
2935
2966
3350
2936
2967
3351
2937
2968
3352
2938
2969
3353
2939
2970
3354
2940
2971
3355
2941
2972
3356
2942
2973
3357
2943
2974
3358
2975
3359
2945
2976
3360
2946
2977
3361
2947
2978
3362
2948
2979
3363
2949
2980
3364
2950
2981
3365
2951
2982
3366
2952
2983
3367
2953
2984
3368
2954
2985
3369
2955
2986
3370
2956
2987
3371
2957
2988
3372
2958
2989
3373
2959
2990
3374
2960
2991
3375
2961
2992
3376
2962
2993
3377
2963
2994
3378
2964
2995
3379
2965
2996
3380
2966
2997
3381
2967
2998
3382
2968
2999
3383
2969
3000
3384
2970
3001
3385
2971
3002
3386
2972
3003
3387
2973
3004
3388
2974
3005
3389
2975
3006
3390
3007
3391
2977
3008
3392
2978
3009
3393
2979
3010
3394
2980
3011
3395
2981
3012
3396
2982
3013
3397
2983
3014
3398
2984
3015
3399
2985
3016
3400
2986
3017
3401
2987
3018
3402
2988
3019
3403
2989
3020
3404
2990
3021
3405
2991
3022
3406
2992
3023
3407
2993
3024
3408
2994
3025
3409
2995
3026
3410
2996
3027
3411
2997
3028
3412
2998
3029
3413
2999
3030
3414
3000
3031
3415
3001
3032
3416
3002
3033
3417
3003
3034
3418
3004
3035
3419
3005
3036
3420
3006
3037
3421
3007
3038
3422
3039
3423
3009
3040
3424
3010
3041
3425
3011
3042
3426
3012
3043
3427
3013
3044
3428
3014
3045
3429
3015
3046
3430
3016
3047
3431
3017
3048
3432
3018
3049
3433
3019
3050
3434
3020
3051
3435
3021
3052
3436
3022
3053
3437
3023
3054
3438
3024
3055
3439
3025
3056
3440
3026
3057
3441
3027
3058
3442
3028
3059
3443
3029
3060
3444
3030
3061
3445
3031
3062
3446
3032
3063
3447
3033
3064
3448
3034
3065
3449
3035
3066
3450
3036
3067
3451
3037
3068
3452
3038
3069
3453
3039
3070
3454
3071
3455
3041
3072
3456
3042
3073
3457
3043
3074
3458
3044
3075
3459
3045
3076
3460
3046
3077
3461
3047
3078
3462
3048
3079
3463
3049
3080
3464
3050
3081
3465
3051
3082
3466
3052
3083
3467
3053
3084
3468
3054
3085
3469
3055
3086
3470
3056
3087
3471
3057
3088
3472
3058
3089
3473
3059
3090
3474
3060
3091
3475
3061
3092
3476
3062
3093
3477
3063
3094
3478
3064
3095
3479
3065
3096
3480
3066
3097
3481
3067
3098
3482
3068
3099
3483
3069
3100
3484
3070
3101
3485
3071
3102
3486
3103
3487
3073
3104
3488
3074
3105
3489
3075
3106
3490
3076
3107
3491
3077
3108
3492
3078
3109
3493
3079
3110
3494
3080
3111
3495
3081
3112
3496
3082
3113
3497
3083
3114
3498
3084
3115
3499
3085
3116
3500
3086
3117
3501
3087
3118
3502
3088
3119
3503
3089
3120
3504
3090
3121
3505
3091
3122
3506
3092
3123
3507
3093
3124
3508
3094
3125
3509
3095
3126
3510
3096
3127
3511
3097
3128
3512
3098
3129
3513
3099
3130
3514
3100
3131
3515
3101
3132
3516
3102
3133
3517
3103
3134
3518
3135
3519
3105
3136
3520
3106
3137
3521
3107
3138
3522
3108
3139
3523
3109
3140
3524
3110
3141
3525
3111
3142
3526
3112
3143
3527
3113
3144
3528
3114
3145
3529
3115
3146
3530
3116
3147
3531
3117
3148
3532
3118
3149
3533
3119
3150
3534
3120
3151
3535
3121
3152
3536
3122
3153
3537
3123
3154
3538
3124
3155
3539
3125
3156
3540
3126
3157
3541
3127
3158
3542
3128
3159
3543
3129
3160
3544
3130
3161
3545
3131
3162
3546
3132
3163
3547
3133
3164
3548
3134
3165
3549
3135
3166
3550
3167
3551
3137
3168
3552
3138
3169
3553
3139
3170
3554
3140
3171
3555
3141
3172
3556
3142
3173
3557
3143
3174
3558
3144
3175
3559
3145
3176
3560
3146
3177
3561
3147
3178
3562
3148
3179
3563
3149
3180
3564
3150
3181
3565
3151
3182
3566
3152
3183
3567
3153
3184
3568
3154
3185
3569
3155
3186
3570
3156
3187
3571
3157
3188
3572
3158
3189
3573
3159
3190
3574
3160
3191
3575
3161
3192
3576
3162
3193
3577
3163
3194
3578
3164
3195
3579
3165
3196
3580
3166
3197
3581
3167
3198
3582
3199
3583
3169
3200
3584
3170
3201
3585
3171
3202
3586
3172
3203
3587
3173
3204
3588
3174
3205
3589
3175
3206
3590
3176
3207
3591
3177
3208
3592
3178
3209
3593
3179
3210
3594
3180
3211
3595
3181
3212
3596
3182
3213
3597
3183
3214
3598
3184
3215
3599
3185
3216
3600
3186
3217
3601
3187
3218
3602
3188
3219
3603
3189
3220
3604
3190
3221
3605
3191
3222
3606
3192
3223
3607
3193
3224
3608
3194
3225
3609
3195
3226
3610
3196
3227
3611
3197
3228
3612
3198
3229
3613
3199
3230
3614
3231
3615
3201
3232
3616
3202
3233
3617
3203
3234
3618
3204
3235
3619
3205
3236
3620
3206
3237
3621
3207
3238
3622
3208
3239
3623
3209
3240
3624
3210
3241
3625
3211
3242
3626
3212
3243
3627
3213
3244
3628
3214
3245
3629
3215
3246
3630
3216
3247
3631
3217
3248
3632
3218
3249
3633
3219
3250
3634
3220
3251
3635
3221
3252
3636
3222
3253
3637
3223
3254
3638
3224
3255
3639
3225
3256
3640
3226
3257
3641
3227
3258
3642
3228
3259
3643
3229
3260
3644
3230
3261
3645
3231
3262
3646
3263
3647
3233
3264
3648
3234
3265
3649
3235
3266
3650
3236
3267
3651
3237
3268
3652
3238
3269
3653
3239
3270
3654
3240
3271
3655
3241
3272
3656
3242
3273
3657
3243
3274
3658
3244
3275
3659
3245
3276
3660
3246
3277
3661
3247
3278
3662
3248
3279
3663
3249
3280
3664
3250
3281
3665
3251
3282
3666
3252
3283
3667
3253
3284
3668
3254
3285
3669
3255
3286
3670
3256
3287
3671
3257
3288
3672
3258
3289
3673
3259
3290
3674
3260
3291
3675
3261
3292
3676
3262
3293
3677
3263
3294
3678
3295
3679
3265
3296
3680
3266
3297
3681
3267
3298
3682
3268
3299
3683
3269
3300
3684
3270
3301
3685
3271
3302
3686
3272
3303
3687
3273
3304
3688
3274
3305
3689
3275
3306
3690
3276
3307
3691
3277
3308
3692
3278
3309
3693
3279
3310
3694
3280
3311
3695
3281
3312
3696
3282
3313
3697
3283
3314
3698
3284
3315
3699
3285
3316
3700
3286
3317
3701
3287
3318
3702
3288
3319
3703
3289
3320
3704
3290
3321
3705
3291
3322
3706
3292
3323
3707
3293
3324
3708
3294
3325
3709
3295
3326
3710
3327
3711
3297
3712
3298
3713
3299
3714
3300
3715
3301
3716
3302
3717
3303
3718
3304
3719
3305
3720
3306
3721
3307
3722
3308
3723
3309
3724
3310
3725
3311
3726
3312
3727
3313
3728
3314
3729
3315
3730
3316
3731
3317
3732
3318
3733
3319
3734
3320
3735
3321
3736
3322
3737
3323
3738
3324
3739
3325
3740
3326
3741
3327
3742
3743
3329
3360
3744
3330
3361
3745
3331
3362
3746
3332
3363
3747
3333
3364
3748
3334
3365
3749
3335
3366
3750
3336
3367
3751
3337
3368
3752
3338
3369
3753
3339
3370
3754
3340
3371
3755
3341
3372
3756
3342
3373
3757
3343
3374
3758
3344
3375
3759
3345
3376
3760
3346
3377
3761
3347
3378
3762
3348
3379
3763
3349
3380
3764
3350
3381
3765
3351
3382
3766
3352
3383
3767
3353
3384
3768
3354
3385
3769
3355
3386
3770
3356
3387
3771
3357
3388
3772
3358
3389
3773
3359
3390
3774
3391
3775
3361
3392
3776
3362
3393
3777
3363
3394
3778
3364
3395
3779
3365
3396
3780
3366
3397
3781
3367
3398
3782
3368
3399
3783
3369
3400
3784
3370
3401
3785
3371
3402
3786
3372
3403
3787
3373
3404
3788
3374
3405
3789
3375
3406
3790
3376
3407
3791
3377
3408
3792
3378
3409
3793
3379
3410
3794
3380
3411
3795
3381
3412
3796
3382
3413
3797
3383
3414
3798
3384
3415
3799
3385
3416
3800
3386
3417
3801
3387
3418
3802
3388
3419
3803
3389
3420
3804
3390
3421
3805
3391
3422
3806
3423
3807
3393
3424
3808
3394
3425
3809
3395
3426
3810
3396
3427
3811
3397
3428
3812
3398
3429
3813
3399
3430
3814
3400
3431
3815
3401
3432
3816
3402
3433
3817
3403
3434
3818
3404
3435
3819
3405
3436
3820
3406
3437
3821
3407
3438
3822
3408
3439
3823
3409
3440
3824
3410
3441
3825
3411
3442
3826
3412
3443
3827
3413
3444
3828
3414
3445
3829
3415
3446
3830
3416
3447
3831
3417
3448
3832
3418
3449
3833
3419
3450
3834
3420
3451
3835
3421
3452
3836
3422
3453
3837
3423
3454
3838
3455
3839
3425
3456
3840
3426
3457
3841
3427
3458
3842
3428
3459
3843
3429
3460
3844
3430
3461
3845
3431
3462
3846
3432
3463
3847
3433
3464
3848
3434
3465
3849
3435
3466
3850
3436
3467
3851
3437
3468
3852
3438
3469
3853
3439
3470
3854
3440
3471
3855
3441
3472
3856
3442
3473
3857
3443
3474
3858
3444
3475
3859
3445
3476
3860
3446
3477
3861
3447
3478
3862
3448
3479
3863
3449
3480
3864
3450
3481
3865
3451
3482
3866
3452
3483
3867
3453
3484
3868
3454
3485
3869
3455
3486
3870
3487
3871
3457
3488
3872
3458
3489
3873
3459
3490
3874
3460
3491
3875
3461
3492
3876
3462
3493
3877
3463
3494
3878
3464
3495
3879
3465
3496
3880
3466
3497
3881
3467
3498
3882
3468
3499
3883
3469
3500
3884
3470
3501
3885
3471
3502
3886
3472
3503
3887
3473
3504
3888
3474
3505
3889
3475
3506
3890
3476
3507
3891
3477
3508
3892
3478
3509
3893
3479
3510
3894
3480
3511
3895
3481
3512
3896
3482
3513
3897
3483
3514
3898
3484
3515
3899
3485
3516
3900
3486
3517
3901
3487
3518
3902
3519
3903
3489
3520
3904
3490
3521
3905
3491
3522
3906
3492
3523
3907
3493
3524
3908
3494
3525
3909
3495
3526
3910
3496
3527
3911
3497
3528
3912
3498
3529
3913
3499
3530
3914
3500
3531
3915
3501
3532
3916
3502
3533
3917
3503
3534
3918
3504
3535
3919
3505
3536
3920
3506
3537
3921
3507
3538
3922
3508
3539
3923
3509
3540
3924
3510
3541
3925
3511
3542
3926
3512
3543
3927
3513
3544
3928
3514
3545
3929
3515
3546
3930
3516
3547
3931
3517
3548
3932
3518
3549
3933
3519
3550
3934
3551
3935
3521
3552
3936
3522
3553
3937
3523
3554
3938
3524
3555
3939
3525
3556
3940
3526
3557
3941
3527
3558
3942
3528
3559
3943
3529
3560
3944
3530
3561
3945
3531
3562
3946
3532
3563
3947
3533
3564
3948
3534
3565
3949
3535
3566
3950
3536
3567
3951
3537
3568
3952
3538
3569
3953
3539
3570
3954
3540
3571
3955
3541
3572
3956
3542
3573
3957
3543
3574
3958
3544
3575
3959
3545
3576
3960
3546
3577
3961
3547
3578
3962
3548
3579
3963
3549
3580
3964
3550
3581
3965
3551
3582
3966
3583
3967
3553
3584
3968
3554
3585
3969
3555
3586
3970
3556
3587
3971
3557
3588
3972
3558
3589
3973
3559
3590
3974
3560
3591
3975
3561
3592
3976
3562
3593
3977
3563
3594
3978
3564
3595
3979
3565
3596
3980
3566
3597
3981
3567
3598
3982
3568
3599
3983
3569
3600
3984
3570
3601
3985
3571
3602
3986
3572
3603
3987
3573
3604
3988
3574
3605
3989
3575
3606
3990
3576
3607
3991
3577
3608
3992
3578
3609
3993
3579
3610
3994
3580
3611
3995
3581
3612
3996
3582
3613
3997
3583
3614
3998
3615
3999
3585
3616
4000
3586
3617
4001
3587
3618
4002
3588
3619
4003
3589
3620
4004
3590
3621
4005
3591
3622
4006
3592
3623
4007
3593
3624
4008
3594
3625
4009
3595
3626
4010
3596
3627
4011
3597
3628
4012
3598
3629
4013
3599
3630
4014
3600
3631
4015
3601
3632
4016
3602
3633
4017
3603
3634
4018
3604
3635
4019
3605
3636
4020
3606
3637
4021
3607
3638
4022
3608
3639
4023
3609
3640
4024
3610
3641
4025
3611
3642
4026
3612
3643
4027
3613
3644
4028
3614
3645
4029
3615
3646
4030
3647
4031
3617
3648
4032
3618
3649
4033
3619
3650
4034
3620
3651
4035
3621
3652
4036
3622
3653
4037
3623
3654
4038
3624
3655
4039
3625
3656
4040
3626
3657
4041
3627
3658
4042
3628
3659
4043
3629
3660
4044
3630
3661
4045
3631
3662
4046
3632
3663
4047
3633
3664
4048
3634
3665
4049
3635
3666
4050
3636
3667
4051
3637
3668
4052
3638
3669
4053
3639
3670
4054
3640
3671
4055
3641
3672
4056
3642
3673
4057
3643
3674
4058
3644
3675
4059
3645
3676
4060
3646
3677
4061
3647
3678
4062
3679
4063
3649
3680
4064
3650
3681
4065
3651
3682
4066
3652
3683
4067
3653
3684
4068
3654
3685
4069
3655
3686
4070
3656
3687
4071
3657
3688
4072
3658
3689
4073
3659
3690
4074
3660
3691
4075
3661
3692
4076
3662
3693
4077
3663
3694
4078
3664
3695
4079
3665
3696
4080
3666
3697
4081
3667
3698
4082
3668
3699
4083
3669
3700
4084
3670
3701
4085
3671
3702
4086
3672
3703
4087
3673
3704
4088
3674
3705
4089
3675
3706
4090
3676
3707
4091
3677
3708
4092
3678
3709
4093
3679
3710
4094
3711
4095
3681
3712
4096
3682
3713
4097
3683
3714
4098
3684
3715
4099
3685
3716
4100
3686
3717
4101
3687
3718
4102
3688
3719
4103
3689
3720
4104
3690
3721
4105
3691
3722
4106
3692
3723
4107
3693
3724
4108
3694
3725
4109
3695
3726
4110
3696
3727
4111
3697
3728
4112
3698
3729
4113
3699
3730
4114
3700
3731
4115
3701
3732
4116
3702
3733
4117
3703
3734
4118
3704
3735
4119
3705
3736
4120
3706
3737
4121
3707
3738
4122
3708
3739
4123
3709
3740
4124
3710
3741
4125
3711
3742
4126
3743
4127
3713
4128
3714
4129
3715
4130
3716
4131
3717
4132
3718
4133
3719
4134
3720
4135
3721
4136
3722
4137
3723
4138
3724
4139
3725
4140
3726
4141
3727
4142
3728
4143
3729
4144
3730
4145
3731
4146
3732
4147
3733
4148
3734
4149
3735
4150
3736
4151
3737
4152
3738
4153
3739
4154
3740
4155
3741
4156
3742
4157
3743
4158
4159
3745
3776
4160
3746
3777
4161
3747
3778
4162
3748
3779
4163
3749
3780
4164
3750
3781
4165
3751
3782
4166
3752
3783
4167
3753
3784
4168
3754
3785
4169
3755
3786
4170
3756
3787
4171
3757
3788
4172
3758
3789
4173
3759
3790
4174
3760
3791
4175
3761
3792
4176
3762
3793
4177
3763
3794
4178
3764
3795
4179
3765
3796
4180
3766
3797
4181
3767
3798
4182
3768
3799
4183
3769
3800
4184
3770
3801
4185
3771
3802
4186
3772
3803
4187
3773
3804
4188
3774
3805
4189
3775
3806
4190
3807
4191
3777
3808
4192
3778
3809
4193
3779
3810
4194
3780
3811
4195
3781
3812
4196
3782
3813
4197
3783
3814
4198
3784
3815
4199
3785
3816
4200
3786
3817
4201
3787
3818
4202
3788
3819
4203
3789
3820
4204
3790
3821
4205
3791
3822
4206
3792
3823
4207
3793
3824
4208
3794
3825
4209
3795
3826
4210
3796
3827
4211
3797
3828
4212
3798
3829
4213
3799
3830
4214
3800
3831
4215
3801
3832
4216
3802
3833
4217
3803
3834
4218
3804
3835
4219
3805
3836
4220
3806
3837
4221
3807
3838
4222
3839
4223
3809
3840
4224
3810
3841
4225
3811
3842
4226
3812
3843
4227
3813
3844
4228
3814
3845
4229
3815
3846
4230
3816
3847
4231
3817
3848
4232
3818
3849
4233
3819
3850
4234
3820
3851
4235
3821
3852
4236
3822
3853
4237
3823
3854
4238
3824
3855
4239
3825
3856
4240
3826
3857
4241
3827
3858
4242
3828
3859
4243
3829
3860
4244
3830
3861
4245
3831
3862
4246
3832
3863
4247
3833
3864
4248
3834
3865
4249
3835
3866
4250
3836
3867
4251
3837
3868
4252
3838
3869
4253
3839
3870
4254
3871
4255
3841
3872
4256
3842
3873
4257
3843
3874
4258
3844
3875
4259
3845
3876
4260
3846
3877
4261
3847
3878
4262
3848
3879
4263
3849
3880
4264
3850
3881
4265
3851
3882
4266
3852
3883
4267
3853
3884
4268
3854
3885
4269
3855
3886
4270
3856
3887
4271
3857
3888
4272
3858
3889
4273
3859
3890
4274
3860
3891
4275
3861
3892
4276
3862
3893
4277
3863
3894
4278
3864
3895
4279
3865
3896
4280
3866
3897
4281
3867
3898
4282
3868
3899
4283
3869
3900
4284
3870
3901
4285
3871
3902
4286
3903
4287
3873
3904
4288
3874
3905
4289
3875
3906
4290
3876
3907
4291
3877
3908
4292
3878
3909
4293
3879
3910
4294
3880
3911
4295
3881
3912
4296
3882
3913
4297
3883
3914
4298
3884
3915
4299
3885
3916
4300
3886
3917
4301
3887
3918
4302
3888
3919
4303
3889
3920
4304
3890
3921
4305
3891
3922
4306
3892
3923
4307
3893
3924
4308
3894
3925
4309
3895
3926
4310
3896
3927
4311
3897
3928
4312
3898
3929
4313
3899
3930
4314
3900
3931
4315
3901
3932
4316
3902
3933
4317
3903
3934
4318
3935
4319
3905
3936
4320
3906
3937
4321
3907
3938
4322
3908
3939
4323
3909
3940
4324
3910
3941
4325
3911
3942
4326
3912
3943
4327
3913
3944
4328
3914
3945
4329
3915
3946
4330
3916
3947
4331
3917
3948
4332
3918
3949
4333
3919
3950
4334
3920
3951
4335
3921
3952
4336
3922
3953
4337
3923
3954
4338
3924
3955
4339
3925
3956
4340
3926
3957
4341
3927
3958
4342
3928
3959
4343
3929
3960
4344
3930
3961
4345
3931
3962
4346
3932
3963
4347
3933
3964
4348
3934
3965
4349
3935
3966
4350
3967
4351
3937
3968
4352
3938
3969
4353
3939
3970
4354
3940
3971
4355
3941
3972
4356
3942
3973
4357
3943
3974
4358
3944
3975
4359
3945
3976
4360
3946
3977
4361
3947
3978
4362
3948
3979
4363
3949
3980
4364
3950
3981
4365
3951
3982
4366
3952
3983
4367
3953
3984
4368
3954
3985
4369
3955
3986
4370
3956
3987
4371
3957
3988
4372
3958
3989
4373
3959
3990
4374
3960
3991
4375
3961
3992
4376
3962
3993
4377
3963
3994
4378
3964
3995
4379
3965
3996
4380
3966
3997
4381
3967
3998
4382
3999
4383
3969
4000
4384
3970
4001
4385
3971
4002
4386
3972
4003
4387
3973
4004
4388
3974
4005
4389
3975
4006
4390
3976
4007
4391
3977
4008
4392
3978
4009
4393
3979
4010
4394
3980
4011
4395
3981
4012
4396
3982
4013
4397
3983
4014
4398
3984
4015
4399
3985
4016
4400
3986
4017
4401
3987
4018
4402
3988
4019
4403
3989
4020
4404
3990
4021
4405
3991
4022
4406
3992
4023
4407
3993
4024
4408
3994
4025
4409
3995
4026
4410
3996
4027
4411
3997
4028
4412
3998
4029
4413
3999
4030
4414
4031
4415
4001
4032
4416
4002
4033
4417
4003
4034
4418
4004
4035
4419
4005
4036
4420
4006
4037
4421
4007
4038
4422
4008
4039
4423
4009
4040
4424
4010
4041
4425
4011
4042
4426
4012
4043
4427
4013
4044
4428
4014
4045
4429
4015
4046
4430
4016
4047
4431
4017
4048
4432
4018
4049
4433
4019
4050
4434
4020
4051
4435
4021
4052
4436
4022
4053
4437
4023
4054
4438
4024
4055
4439
4025
4056
4440
4026
4057
4441
4027
4058
4442
4028
4059
4443
4029
4060
4444
4030
4061
4445
4031
4062
4446
4063
4447
4033
4064
4448
4034
4065
4449
4035
4066
4450
4036
4067
4451
4037
4068
4452
4038
4069
4453
4039
4070
4454
4040
4071
4455
4041
4072
4456
4042
4073
4457
4043
4074
4458
4044
4075
4459
4045
4076
4460
4046
4077
4461
4047
4078
4462
4048
4079
4463
4049
4080
4464
4050
4081
4465
4051
4082
4466
4052
4083
4467
4053
4084
4468
4054
4085
4469
4055
4086
4470
4056
4087
4471
4057
4088
4472
4058
4089
4473
4059
4090
4474
4060
4091
4475
4061
4092
4476
4062
4093
4477
4063
4094
4478
4095
4479
4065
4096
4480
4066
4097
4481
4067
4098
4482
4068
4099
4483
4069
4100
4484
4070
4101
4485
4071
4102
4486
4072
4103
4487
4073
4104
4488
4074
4105
4489
4075
4106
4490
4076
4107
4491
4077
4108
4492
4078
4109
4493
4079
4110
4494
4080
4111
4495
4081
4112
4496
4082
4113
4497
4083
4114
4498
4084
4115
4499
4085
4116
4500
4086
4117
4501
4087
4118
4502
4088
4119
4503
4089
4120
4504
4090
4121
4505
4091
4122
4506
4092
4123
4507
4093
4124
4508
4094
4125
4509
4095
4126
4510
4127
4511
4097
4128
4512
4098
4129
4513
4099
4130
4514
4100
4131
4515
4101
4132
4516
4102
4133
4517
4103
4134
4518
4104
4135
4519
4105
4136
4520
4106
4137
4521
4107
4138
4522
4108
4139
4523
4109
4140
4524
4110
4141
4525
4111
4142
4526
4112
4143
4527
4113
4144
4528
4114
4145
4529
4115
4146
4530
4116
4147
4531
4117
4148
4532
4118
4149
4533
4119
4150
4534
4120
4151
4535
4121
4152
4536
4122
4153
4537
4123
4154
4538
4124
4155
4539
4125
4156
4540
4126
4157
4541
4127
4158
4542
4159
4543
4129
4544
4130
4545
4131
4546
4132
4547
4133
4548
4134
4549
4135
4550
4136
4551
4137
4552
4138
4553
4139
4554
4140
4555
4141
4556
4142
4557
4143
4558
4144
4559
4145
4560
4146
4561
4147
4562
4148
4563
4149
4564
4150
4565
4151
4566
4152
4567
4153
4568
4154
4569
4155
4570
4156
4571
4157
4572
4158
4573
4159
4574
4575
4161
4192
4576
4162
4193
4577
4163
4194
4578
4164
4195
4579
4165
4196
4580
4166
4197
4581
4167
4198
4582
4168
4199
4583
4169
4200
4584
4170
4201
4585
4171
4202
4586
4172
4203
4587
4173
4204
4588
4174
4205
4589
4175
4206
4590
4176
4207
4591
4177
4208
4592
4178
4209
4593
4179
4210
4594
4180
4211
4595
4181
4212
4596
4182
4213
4597
4183
4214
4598
4184
4215
4599
4185
4216
4600
4186
4217
4601
4187
4218
4602
4188
4219
4603
4189
4220
4604
4190
4221
4605
4191
4222
4606
4223
4607
4193
4224
4608
4194
4225
4609
4195
4226
4610
4196
4227
4611
4197
4228
4612
4198
4229
4613
4199
4230
4614
4200
4231
4615
4201
4232
4616
4202
4233
4617
4203
4234
4618
4204
4235
4619
4205
4236
4620
4206
4237
4621
4207
4238
4622
4208
4239
4623
4209
4240
4624
4210
4241
4625
4211
4242
4626
4212
4243
4627
4213
4244
4628
4214
4245
4629
4215
4246
4630
4216
4247
4631
4217
4248
4632
4218
4249
4633
4219
4250
4634
4220
4251
4635
4221
4252
4636
4222
4253
4637
4223
4254
4638
4255
4639
4225
4256
4640
4226
4257
4641
4227
4258
4642
4228
4259
4643
4229
4260
4644
4230
4261
4645
4231
4262
4646
4232
4263
4647
4233
4264
4648
4234
4265
4649
4235
4266
4650
4236
4267
4651
4237
4268
4652
4238
4269
4653
4239
4270
4654
4240
4271
4655
4241
4272
4656
4242
4273
4657
4243
4274
4658
4244
4275
4659
4245
4276
4660
4246
4277
4661
4247
4278
4662
4248
4279
4663
4249
4280
4664
4250
4281
4665
4251
4282
4666
4252
4283
4667
4253
4284
4668
4254
4285
4669
4255
4286
4670
4287
4671
4257
4288
4672
4258
4289
4673
4259
4290
4674
4260
4291
4675
4261
4292
4676
4262
4293
4677
4263
4294
4678
4264
4295
4679
4265
4296
4680
4266
4297
4681
4267
4298
4682
4268
4299
4683
4269
4300
4684
4270
4301
4685
4271
4302
4686
4272
4303
4687
4273
4304
4688
4274
4305
4689
4275
4306
4690
4276
4307
4691
4277
4308
4692
4278
4309
4693
4279
4310
4694
4280
4311
4695
4281
4312
4696
4282
4313
4697
4283
4314
4698
4284
4315
4699
4285
4316
4700
4286
4317
4701
4287
4318
4702
4319
4703
4289
4320
4704
4290
4321
4705
4291
4322
4706
4292
4323
4707
4293
4324
4708
4294
4325
4709
4295
4326
4710
4296
4327
4711
4297
4328
4712
4298
4329
4713
4299
4330
4714
4300
4331
4715
4301
4332
4716
4302
4333
4717
4303
4334
4718
4304
4335
4719
4305
4336
4720
4306
4337
4721
4307
4338
4722
4308
4339
4723
4309
4340
4724
4310
4341
4725
4311
4342
4726
4312
4343
4727
4313
4344
4728
4314
4345
4729
4315
4346
4730
4316
4347
4731
4317
4348
4732
4318
4349
4733
4319
4350
4734
4351
4735
4321
4352
4736
4322
4353
4737
4323
4354
4738
4324
4355
4739
4325
4356
4740
4326
4357
4741
4327
4358
4742
4328
4359
4743
4329
4360
4744
4330
4361
4745
4331
4362
4746
4332
4363
4747
4333
4364
4748
4334
4365
4749
4335
4366
4750
4336
4367
4751
4337
4368
4752
4338
4369
4753
4339
4370
4754
4340
4371
4755
4341
4372
4756
4342
4373
4757
4343
4374
4758
4344
4375
4759
4345
4376
4760
4346
4377
4761
4347
4378
4762
4348
4379
4763
4349
4380
4764
4350
4381
4765
4351
4382
4766
4383
4767
4353
4384
4768
4354
4385
4769
4355
4386
4770
4356
4387
4771
4357
4388
4772
4358
4389
4773
4359
4390
4774
4360
4391
4775
4361
4392
4776
4362
4393
4777
4363
4394
4778
4364
4395
4779
4365
4396
4780
4366
4397
4781
4367
4398
4782
4368
4399
4783
4369
4400
4784
4370
4401
4785
4371
4402
4786
4372
4403
4787
4373
4404
4788
4374
4405
4789
4375
4406
4790
4376
4407
4791
4377
4408
4792
4378
4409
4793
4379
4410
4794
4380
4411
4795
4381
4412
4796
4382
4413
4797
4383
4414
4798
4415
4799
4385
4416
4800
4386
4417
4801
4387
4418
4802
4388
4419
4803
4389
4420
4804
4390
4421
4805
4391
4422
4806
4392
4423
4807
4393
4424
4808
4394
4425
4809
4395
4426
4810
4396
4427
4811
4397
4428
4812
4398
4429
4813
4399
4430
4814
4400
4431
4815
4401
4432
4816
4402
4433
4817
4403
4434
4818
4404
4435
4819
4405
4436
4820
4406
4437
4821
4407
4438
4822
4408
4439
4823
4409
4440
4824
4410
4441
4825
4411
4442
4826
4412
4443
4827
4413
4444
4828
4414
4445
4829
4415
4446
4830
4447
4831
4417
4448
4832
4418
4449
4833
4419
4450
4834
4420
4451
4835
4421
4452
4836
4422
4453
4837
4423
4454
4838
4424
4455
4839
4425
4456
4840
4426
4457
4841
4427
4458
4842
4428
4459
4843
4429
4460
4844
4430
4461
4845
4431
4462
4846
4432
4463
4847
4433
4464
4848
4434
4465
4849
4435
4466
4850
4436
4467
4851
4437
4468
4852
4438
4469
4853
4439
4470
4854
4440
4471
4855
4441
4472
4856
4442
4473
4857
4443
4474
4858
4444
4475
4859
4445
4476
4860
4446
4477
4861
4447
4478
4862
4479
4863
4449
4480
4864
4450
4481
4865
4451
4482
4866
4452
4483
4867
4453
4484
4868
4454
4485
4869
4455
4486
4870
4456
4487
4871
4457
4488
4872
4458
4489
4873
4459
4490
4874
4460
4491
4875
4461
4492
4876
4462
4493
4877
4463
4494
4878
4464
4495
4879
4465
4496
4880
4466
4497
4881
4467
4498
4882
4468
4499
4883
4469
4500
4884
4470
4501
4885
4471
4502
4886
4472
4503
4887
4473
4504
4888
4474
4505
4889
4475
4506
4890
4476
4507
4891
4477
4508
4892
4478
4509
4893
4479
4510
4894
4511
4895
4481
4512
4896
4482
4513
4897
4483
4514
4898
4484
4515
4899
4485
4516
4900
4486
4517
4901
4487
4518
4902
4488
4519
4903
4489
4520
4904
4490
4521
4905
4491
4522
4906
4492
4523
4907
4493
4524
4908
4494
4525
4909
4495
4526
4910
4496
4527
4911
4497
4528
4912
4498
4529
4913
4499
4530
4914
4500
4531
4915
4501
4532
4916
4502
4533
4917
4503
4534
4918
4504
4535
4919
4505
4536
4920
4506
4537
4921
4507
4538
4922
4508
4539
4923
4509
4540
4924
4510
4541
4925
4511
4542
4926
4543
4927
4513
4544
4928
4514
4545
4929
4515
4546
4930
4516
4547
4931
4517
4548
4932
4518
4549
4933
4519
4550
4934
4520
4551
4935
4521
4552
4936
4522
4553
4937
4523
4554
4938
4524
4555
4939
4525
4556
4940
4526
4557
4941
4527
4558
4942
4528
4559
4943
4529
4560
4944
4530
4561
4945
4531
4562
4946
4532
4563
4947
4533
4564
4948
4534
4565
4949
4535
4566
4950
4536
4567
4951
4537
4568
4952
4538
4569
4953
4539
4570
4954
4540
4571
4955
4541
4572
4956
4542
4573
4957
4543
4574
4958
4575
4959
4545
4960
4546
4961
4547
4962
4548
4963
4549
4964
4550
4965
4551
4966
4552
4967
4553
4968
4554
4969
4555
4970
4556
4971
4557
4972
4558
4973
4559
4974
4560
4975
4561
4976
4562
4977
4563
4978
4564
4979
4565
4980
4566
4981
4567
4982
4568
4983
4569
4984
4570
4985
4571
4986
4572
4987
4573
4988
4574
4989
4575
4990
4991
4577
4608
4992
4578
4609
4993
4579
4610
4994
4580
4611
4995
4581
4612
4996
4582
4613
4997
4583
4614
4998
4584
4615
4999
4585
4616
5000
4586
4617
5001
4587
4618
5002
4588
4619
5003
4589
4620
5004
4590
4621
5005
4591
4622
5006
4592
4623
5007
4593
4624
5008
4594
4625
5009
4595
4626
5010
4596
4627
5011
4597
4628
5012
4598
4629
5013
4599
4630
5014
4600
4631
5015
4601
4632
5016
4602
4633
5017
4603
4634
5018
4604
4635
5019
4605
4636
5020
4606
4637
5021
4607
4638
5022
4639
5023
4609
4640
5024
4610
4641
5025
4611
4642
5026
4612
4643
5027
4613
4644
5028
4614
4645
5029
4615
4646
5030
4616
4647
5031
4617
4648
5032
4618
4649
5033
4619
4650
5034
4620
4651
5035
4621
4652
5036
4622
4653
5037
4623
4654
5038
4624
4655
5039
4625
4656
5040
4626
4657
5041
4627
4658
5042
4628
4659
5043
4629
4660
5044
4630
4661
5045
4631
4662
5046
4632
4663
5047
4633
4664
5048
4634
4665
5049
4635
4666
5050
4636
4667
5051
4637
4668
5052
4638
4669
5053
4639
4670
5054
4671
5055
4641
4672
5056
4642
4673
5057
4643
4674
5058
4644
4675
5059
4645
4676
5060
4646
4677
5061
4647
4678
5062
4648
4679
5063
4649
4680
5064
4650
4681
5065
4651
4682
5066
4652
4683
5067
4653
4684
5068
4654
4685
5069
4655
4686
5070
4656
4687
5071
4657
4688
5072
4658
4689
5073
4659
4690
5074
4660
4691
5075
4661
4692
5076
4662
4693
5077
4663
4694
5078
4664
4695
5079
4665
4696
5080
4666
4697
5081
4667
4698
5082
4668
4699
5083
4669
4700
5084
4670
4701
5085
4671
4702
5086
4703
5087
4673
4704
5088
4674
4705
5089
4675
4706
5090
4676
4707
5091
4677
4708
5092
4678
4709
5093
4679
4710
5094
4680
4711
5095
4681
4712
5096
4682
4713
5097
4683
4714
5098
4684
4715
5099
4685
4716
5100
4686
4717
5101
4687
4718
5102
4688
4719
5103
4689
4720
5104
4690
4721
5105
4691
4722
5106
4692
4723
5107
4693
4724
5108
4694
4725
5109
4695
4726
5110
4696
4727
5111
4697
4728
5112
4698
4729
5113
4699
4730
5114
4700
4731
5115
4701
4732
5116
4702
4733
5117
4703
4734
5118
4735
5119
4705
4736
5120
4706
4737
5121
4707
4738
5122
4708
4739
5123
4709
4740
5124
4710
4741
5125
4711
4742
5126
4712
4743
5127
4713
4744
5128
4714
4745
5129
4715
4746
5130
4716
4747
5131
4717
4748
5132
4718
4749
5133
4719
4750
5134
4720
4751
5135
4721
4752
5136
4722
4753
5137
4723
4754
5138
4724
4755
5139
4725
4756
5140
4726
4757
5141
4727
4758
5142
4728
4759
5143
4729
4760
5144
4730
4761
5145
4731
4762
5146
4732
4763
5147
4733
4764
5148
4734
4765
5149
4735
4766
5150
4767
5151
4737
4768
5152
4738
4769
5153
4739
4770
5154
4740
4771
5155
4741
4772
5156
4742
4773
5157
4743
4774
5158
4744
4775
5159
4745
4776
5160
4746
4777
5161
4747
4778
5162
4748
4779
5163
4749
4780
5164
4750
4781
5165
4751
4782
5166
4752
4783
5167
4753
4784
5168
4754
4785
5169
4755
4786
5170
4756
4787
5171
4757
4788
5172
4758
4789
5173
4759
4790
5174
4760
4791
5175
4761
4792
5176
4762
4793
5177
4763
4794
5178
4764
4795
5179
4765
4796
5180
4766
4797
5181
4767
4798
5182
4799
5183
4769
4800
5184
4770
4801
5185
4771
4802
5186
4772
4803
5187
4773
4804
5188
4774
4805
5189
4775
4806
5190
4776
4807
5191
4777
4808
5192
4778
4809
5193
4779
4810
5194
4780
4811
5195
4781
4812
5196
4782
4813
5197
4783
4814
5198
4784
4815
5199
4785
4816
5200
4786
4817
5201
4787
4818
5202
4788
4819
5203
4789
4820
5204
4790
4821
5205
4791
4822
5206
4792
4823
5207
4793
4824
5208
4794
4825
5209
4795
4826
5210
4796
4827
5211
4797
4828
5212
4798
4829
5213
4799
4830
5214
4831
5215
4801
4832
5216
4802
4833
5217
4803
4834
5218
4804
4835
5219
4805
4836
5220
4806
4837
5221
4807
4838
5222
4808
4839
5223
4809
4840
5224
4810
4841
5225
4811
4842
5226
4812
4843
5227
4813
4844
5228
4814
4845
5229
4815
4846
5230
4816
4847
5231
4817
4848
5232
4818
4849
5233
4819
4850
5234
4820
4851
5235
4821
4852
5236
4822
4853
5237
4823
4854
5238
4824
4855
5239
4825
4856
5240
4826
4857
5241
4827
4858
5242
4828
4859
5243
4829
4860
5244
4830
4861
5245
4831
4862
5246
4863
5247
4833
4864
5248
4834
4865
5249
4835
4866
5250
4836
4867
5251
4837
4868
5252
4838
4869
5253
4839
4870
5254
4840
4871
5255
4841
4872
5256
4842
4873
5257
4843
4874
5258
4844
4875
5259
4845
4876
5260
4846
4877
5261
4847
4878
5262
4848
4879
5263
4849
4880
5264
4850
4881
5265
4851
4882
5266
4852
4883
5267
4853
4884
5268
4854
4885
5269
4855
4886
5270
4856
4887
5271
4857
4888
5272
4858
4889
5273
4859
4890
5274
4860
4891
5275
4861
4892
5276
4862
4893
5277
4863
4894
5278
4895
5279
4865
4896
5280
4866
4897
5281
4867
4898
5282
4868
4899
5283
4869
4900
5284
4870
4901
5285
4871
4902
5286
4872
4903
5287
4873
4904
5288
4874
4905
5289
4875
4906
5290
4876
4907
5291
4877
4908
5292
4878
4909
5293
4879
4910
5294
4880
4911
5295
4881
4912
5296
4882
4913
5297
4883
4914
5298
4884
4915
5299
4885
4916
5300
4886
4917
5301
4887
4918
5302
4888
4919
5303
4889
4920
5304
4890
4921
5305
4891
4922
5306
4892
4923
5307
4893
4924
5308
4894
4925
5309
4895
4926
5310
4927
5311
4897
4928
5312
4898
4929
5313
4899
4930
5314
4900
4931
5315
4901
4932
5316
4902
4933
5317
4903
4934
5318
4904
4935
5319
4905
4936
5320
4906
4937
5321
4907
4938
5322
4908
4939
5323
4909
4940
5324
4910
4941
5325
4911
4942
5326
4912
4943
5327
4913
4944
5328
4914
4945
5329
4915
4946
5330
4916
4947
5331
4917
4948
5332
4918
4949
5333
4919
4950
5334
4920
4951
5335
4921
4952
5336
4922
4953
5337
4923
4954
5338
4924
4955
5339
4925
4956
5340
4926
4957
5341
4927
4958
5342
4959
5343
4929
4960
5344
4930
4961
5345
4931
4962
5346
4932
4963
5347
4933
4964
5348
4934
4965
5349
4935
4966
5350
4936
4967
5351
4937
4968
5352
4938
4969
5353
4939
4970
5354
4940
4971
5355
4941
4972
5356
4942
4973
5357
4943
4974
5358
4944
4975
5359
4945
4976
5360
4946
4977
5361
4947
4978
5362
4948
4979
5363
4949
4980
5364
4950
4981
5365
4951
4982
5366
4952
4983
5367
4953
4984
5368
4954
4985
5369
4955
4986
5370
4956
4987
5371
4957
4988
5372
4958
4989
5373
4959
4990
5374
4991
5375
4961
5376
4962
5377
4963
5378
4964
5379
4965
5380
4966
5381
4967
5382
4968
5383
4969
5384
4970
5385
4971
5386
4972
5387
4973
5388
4974
5389
4975
5390
4976
5391
4977
5392
4978
5393
4979
5394
4980
5395
4981
5396
4982
5397
4983
5398
4984
5399
4985
5400
4986
5401
4987
5402
4988
5403
4989
5404
4990
5405
4991
5406
5407
4993
5024
5408
4994
5025
5409
4995
5026
5410
4996
5027
5411
4997
5028
5412
4998
5029
5413
4999
5030
5414
5000
5031
5415
5001
5032
5416
5002
5033
5417
5003
5034
5418
5004
5035
5419
5005
5036
5420
5006
5037
5421
5007
5038
5422
5008
5039
5423
5009
5040
5424
5010
5041
5425
5011
5042
5426
5012
5043
5427
5013
5044
5428
5014
5045
5429
5015
5046
5430
5016
5047
5431
5017
5048
5432
5018
5049
5433
5019
5050
5434
5020
5051
5435
5021
5052
5436
5022
5053
5437
5023
5054
5438
5055
5439
5025
5056
5440
5026
5057
5441
5027
5058
5442
5028
5059
5443
5029
5060
5444
5030
5061
5445
5031
5062
5446
5032
5063
5447
5033
5064
5448
5034
5065
5449
5035
5066
5450
5036
5067
5451
5037
5068
5452
5038
5069
5453
5039
5070
5454
5040
5071
5455
5041
5072
5456
5042
5073
5457
5043
5074
5458
5044
5075
5459
5045
5076
5460
5046
5077
5461
5047
5078
5462
5048
5079
5463
5049
5080
5464
5050
5081
5465
5051
5082
5466
5052
5083
5467
5053
5084
5468
5054
5085
5469
5055
5086
5470
5087
5471
5057
5088
5472
5058
5089
5473
5059
5090
5474
5060
5091
5475
5061
5092
5476
5062
5093
5477
5063
5094
5478
5064
5095
5479
5065
5096
5480
5066
5097
5481
5067
5098
5482
5068
5099
5483
5069
5100
5484
5070
5101
5485
5071
5102
5486
5072
5103
5487
5073
5104
5488
5074
5105
5489
5075
5106
5490
5076
5107
5491
5077
5108
5492
5078
5109
5493
5079
5110
5494
5080
5111
5495
5081
5112
5496
5082
5113
5497
5083
5114
5498
5084
5115
5499
5085
5116
5500
5086
5117
5501
5087
5118
5502
5119
5503
5089
5120
5504
5090
5121
5505
5091
5122
5506
5092
5123
5507
5093
5124
5508
5094
5125
5509
5095
5126
5510
5096
5127
5511
5097
5128
5512
5098
5129
5513
5099
5130
5514
5100
5131
5515
5101
5132
5516
5102
5133
5517
5103
5134
5518
5104
5135
5519
5105
5136
5520
5106
5137
5521
5107
5138
5522
5108
5139
5523
5109
5140
5524
5110
5141
5525
5111
5142
5526
5112
5143
5527
5113
5144
5528
5114
5145
5529
5115
5146
5530
5116
5147
5531
5117
5148
5532
5118
5149
5533
5119
5150
5534
5151
5535
5121
5152
5536
5122
5153
5537
5123
5154
5538
5124
5155
5539
5125
5156
5540
5126
5157
5541
5127
5158
5542
5128
5159
5543
5129
5160
5544
5130
5161
5545
5131
5162
5546
5132
5163
5547
5133
5164
5548
5134
5165
5549
5135
5166
5550
5136
5167
5551
5137
5168
5552
5138
5169
5553
5139
5170
5554
5140
5171
5555
5141
5172
5556
5142
5173
5557
5143
5174
5558
5144
5175
5559
5145
5176
5560
5146
5177
5561
5147
5178
5562
5148
5179
5563
5149
5180
5564
5150
5181
5565
5151
5182
5566
5183
5567
5153
5184
5568
5154
5185
5569
5155
5186
5570
5156
5187
5571
5157
5188
5572
5158
5189
5573
5159
5190
5574
5160
5191
5575
5161
5192
5576
5162
5193
5577
5163
5194
5578
5164
5195
5579
5165
5196
5580
5166
5197
5581
5167
5198
5582
5168
5199
5583
5169
5200
5584
5170
5201
5585
5171
5202
5586
5172
5203
5587
5173
5204
5588
5174
5205
5589
5175
5206
5590
5176
5207
5591
5177
5208
5592
5178
5209
5593
5179
5210
5594
5180
5211
5595
5181
5212
5596
5182
5213
5597
5183
5214
5598
5215
5599
5185
5216
5600
5186
5217
5601
5187
5218
5602
5188
5219
5603
5189
5220
5604
5190
5221
5605
5191
5222
5606
5192
5223
5607
5193
5224
5608
5194
5225
5609
5195
5226
5610
5196
5227
5611
5197
5228
5612
5198
5229
5613
5199
5230
5614
5200
5231
5615
5201
5232
5616
5202
5233
5617
5203
5234
5618
5204
5235
5619
5205
5236
5620
5206
5237
5621
5207
5238
5622
5208
5239
5623
5209
5240
5624
5210
5241
5625
5211
5242
5626
5212
5243
5627
5213
5244
5628
5214
5245
5629
5215
5246
5630
5247
5631
5217
5248
5632
5218
5249
5633
5219
5250
5634
5220
5251
5635
5221
5252
5636
5222
5253
5637
5223
5254
5638
5224
5255
5639
5225
5256
5640
5226
5257
5641
5227
5258
5642
5228
5259
5643
5229
5260
5644
5230
5261
5645
5231
5262
5646
5232
5263
5647
5233
5264
5648
5234
5265
5649
5235
5266
5650
5236
5267
5651
5237
5268
5652
5238
5269
5653
5239
5270
5654
5240
5271
5655
5241
5272
5656
5242
5273
5657
5243
5274
5658
5244
5275
5659
5245
5276
5660
5246
5277
5661
5247
5278
5662
5279
5663
5249
5280
5664
5250
5281
5665
5251
5282
5666
5252
5283
5667
5253
5284
5668
5254
5285
5669
5255
5286
5670
5256
5287
5671
5257
5288
5672
5258
5289
5673
5259
5290
5674
5260
5291
5675
5261
5292
5676
5262
5293
5677
5263
5294
5678
5264
5295
5679
5265
5296
5680
5266
5297
5681
5267
5298
5682
5268
5299
5683
5269
5300
5684
5270
5301
5685
5271
5302
5686
5272
5303
5687
5273
5304
5688
5274
5305
5689
5275
5306
5690
5276
5307
5691
5277
5308
5692
5278
5309
5693
5279
5310
5694
5311
5695
5281
5312
5696
5282
5313
5697
5283
5314
5698
5284
5315
5699
5285
5316
5700
5286
5317
5701
5287
5318
5702
5288
5319
5703
5289
5320
5704
5290
5321
5705
5291
5322
5706
5292
5323
5707
5293
5324
5708
5294
5325
5709
5295
5326
5710
5296
5327
5711
5297
5328
5712
5298
5329
5713
5299
5330
5714
5300
5331
5715
5301
5332
5716
5302
5333
5717
5303
5334
5718
5304
5335
5719
5305
5336
5720
5306
5337
5721
5307
5338
5722
5308
5339
5723
5309
5340
5724
5310
5341
5725
5311
5342
5726
5343
5727
5313
5344
5728
5314
5345
5729
5315
5346
5730
5316
5347
5731
5317
5348
5732
5318
5349
5733
5319
5350
5734
5320
5351
5735
5321
5352
5736
5322
5353
5737
5323
5354
5738
5324
5355
5739
5325
5356
5740
5326
5357
5741
5327
5358
5742
5328
5359
5743
5329
5360
5744
5330
5361
5745
5331
5362
5746
5332
5363
5747
5333
5364
5748
5334
5365
5749
5335
5366
5750
5336
5367
5751
5337
5368
5752
5338
5369
5753
5339
5370
5754
5340
5371
5755
5341
5372
5756
5342
5373
5757
5343
5374
5758
5375
5759
5345
5376
5760
5346
5377
5761
5347
5378
5762
5348
5379
5763
5349
5380
5764
5350
5381
5765
5351
5382
5766
5352
5383
5767
5353
5384
5768
5354
5385
5769
5355
5386
5770
5356
5387
5771
5357
5388
5772
5358
5389
5773
5359
5390
5774
5360
5391
5775
5361
5392
5776
5362
5393
5777
5363
5394
5778
5364
5395
5779
5365
5396
5780
5366
5397
5781
5367
5398
5782
5368
5399
5783
5369
5400
5784
5370
5401
5785
5371
5402
5786
5372
5403
5787
5373
5404
5788
5374
5405
5789
5375
5406
5790
5407
5791
5377
5792
5378
5793
5379
5794
5380
5795
5381
5796
5382
5797
5383
5798
5384
5799
5385
5800
5386
5801
5387
5802
5388
5803
5389
5804
5390
5805
5391
5806
5392
5807
5393
5808
5394
5809
5395
5810
5396
5811
5397
5812
5398
5813
5399
5814
5400
5815
5401
5816
5402
5817
5403
5818
5404
5819
5405
5820
5406
5821
5407
5822
5823
5409
5440
5824
5410
5441
5825
5411
5442
5826
5412
5443
5827
5413
5444
5828
5414
5445
5829
5415
5446
5830
5416
5447
5831
5417
5448
5832
5418
5449
5833
5419
5450
5834
5420
5451
5835
5421
5452
5836
5422
5453
5837
5423
5454
5838
5424
5455
5839
5425
5456
5840
5426
5457
5841
5427
5458
5842
5428
5459
5843
5429
5460
5844
5430
5461
5845
5431
5462
5846
5432
5463
5847
5433
5464
5848
5434
5465
5849
5435
5466
5850
5436
5467
5851
5437
5468
5852
5438
5469
5853
5439
5470
5854
5471
5855
5441
5472
5856
5442
5473
5857
5443
5474
5858
5444
5475
5859
5445
5476
5860
5446
5477
5861
5447
5478
5862
5448
5479
5863
5449
5480
5864
5450
5481
5865
5451
5482
5866
5452
5483
5867
5453
5484
5868
5454
5485
5869
5455
5486
5870
5456
5487
5871
5457
5488
5872
5458
5489
5873
5459
5490
5874
5460
5491
5875
5461
5492
5876
5462
5493
5877
5463
5494
5878
5464
5495
5879
5465
5496
5880
5466
5497
5881
5467
5498
5882
5468
5499
5883
5469
5500
5884
5470
5501
5885
5471
5502
5886
5503
5887
5473
5504
5888
5474
5505
5889
5475
5506
5890
5476
5507
5891
5477
5508
5892
5478
5509
5893
5479
5510
5894
5480
5511
5895
5481
5512
5896
5482
5513
5897
5483
5514
5898
5484
5515
5899
5485
5516
5900
5486
5517
5901
5487
5518
5902
5488
5519
5903
5489
5520
5904
5490
5521
5905
5491
5522
5906
5492
5523
5907
5493
5524
5908
5494
5525
5909
5495
5526
5910
5496
5527
5911
5497
5528
5912
5498
5529
5913
5499
5530
5914
5500
5531
5915
5501
5532
5916
5502
5533
5917
5503
5534
5918
5535
5919
5505
5536
5920
5506
5537
5921
5507
5538
5922
5508
5539
5923
5509
5540
5924
5510
5541
5925
5511
5542
5926
5512
5543
5927
5513
5544
5928
5514
5545
5929
5515
5546
5930
5516
5547
5931
5517
5548
5932
5518
5549
5933
5519
5550
5934
5520
5551
5935
5521
5552
5936
5522
5553
5937
5523
5554
5938
5524
5555
5939
5525
5556
5940
5526
5557
5941
5527
5558
5942
5528
5559
5943
5529
5560
5944
5530
5561
5945
5531
5562
5946
5532
5563
5947
5533
5564
5948
5534
5565
5949
5535
5566
5950
5567
5951
5537
5568
5952
5538
5569
5953
5539
5570
5954
5540
5571
5955
5541
5572
5956
5542
5573
5957
5543
5574
5958
5544
5575
5959
5545
5576
5960
5546
5577
5961
5547
5578
5962
5548
5579
5963
5549
5580
5964
5550
5581
5965
5551
5582
5966
5552
5583
5967
5553
5584
5968
5554
5585
5969
5555
5586
5970
5556
5587
5971
5557
5588
5972
5558
5589
5973
5559
5590
5974
5560
5591
5975
5561
5592
5976
5562
5593
5977
5563
5594
5978
5564
5595
5979
5565
5596
5980
5566
5597
5981
5567
5598
5982
5599
5983
5569
5600
5984
5570
5601
5985
5571
5602
5986
5572
5603
5987
5573
5604
5988
5574
5605
5989
5575
5606
5990
5576
5607
5991
5577
5608
5992
5578
5609
5993
5579
5610
5994
5580
5611
5995
5581
5612
5996
5582
5613
5997
5583
5614
5998
5584
5615
5999
5585
5616
6000
5586
5617
6001
5587
5618
6002
5588
5619
6003
5589
5620
6004
5590
5621
6005
5591
5622
6006
5592
5623
6007
5593
5624
6008
5594
5625
6009
5595
5626
6010
5596
5627
6011
5597
5628
6012
5598
5629
6013
5599
5630
6014
5631
6015
5601
5632
6016
5602
5633
6017
5603
5634
6018
5604
5635
6019
5605
5636
6020
5606
5637
6021
5607
5638
6022
5608
5639
6023
5609
5640
6024
5610
5641
6025
5611
5642
6026
5612
5643
6027
5613
5644
6028
5614
5645
6029
5615
5646
6030
5616
5647
6031
5617
5648
6032
5618
5649
6033
5619
5650
6034
5620
5651
6035
5621
5652
6036
5622
5653
6037
5623
5654
6038
5624
5655
6039
5625
5656
6040
5626
5657
6041
5627
5658
6042
5628
5659
6043
5629
5660
6044
5630
5661
6045
5631
5662
6046
5663
6047
5633
5664
6048
5634
5665
6049
5635
5666
6050
5636
5667
6051
5637
5668
6052
5638
5669
6053
5639
5670
6054
5640
5671
6055
5641
5672
6056
5642
5673
6057
5643
5674
6058
5644
5675
6059
5645
5676
6060
5646
5677
6061
5647
5678
6062
5648
5679
6063
5649
5680
6064
5650
5681
6065
5651
5682
6066
5652
5683
6067
5653
5684
6068
5654
5685
6069
5655
5686
6070
5656
5687
6071
5657
5688
6072
5658
5689
6073
5659
5690
6074
5660
5691
6075
5661
5692
6076
5662
5693
6077
5663
5694
6078
5695
6079
5665
5696
6080
5666
5697
6081
5667
5698
6082
5668
5699
6083
5669
5700
6084
5670
5701
6085
5671
5702
6086
5672
5703
6087
5673
5704
6088
5674
5705
6089
5675
5706
6090
5676
5707
6091
5677
5708
6092
5678
5709
6093
5679
5710
6094
5680
5711
6095
5681
5712
6096
5682
5713
6097
5683
5714
6098
5684
5715
6099
5685
5716
6100
5686
5717
6101
5687
5718
6102
5688
5719
6103
5689
5720
6104
5690
5721
6105
5691
5722
6106
5692
5723
6107
5693
5724
6108
5694
5725
6109
5695
5726
6110
5727
6111
5697
5728
6112
5698
5729
6113
5699
5730
6114
5700
5731
6115
5701
5732
6116
5702
5733
6117
5703
5734
6118
5704
5735
6119
5705
5736
6120
5706
5737
6121
5707
5738
6122
5708
5739
6123
5709
5740
6124
5710
5741
6125
5711
5742
6126
5712
5743
6127
5713
5744
6128
5714
5745
6129
5715
5746
6130
5716
5747
6131
5717
5748
6132
5718
5749
6133
5719
5750
6134
5720
5751
6135
5721
5752
6136
5722
5753
6137
5723
5754
6138
5724
5755
6139
5725
5756
6140
5726
5757
6141
5727
5758
6142
5759
6143
5729
5760
6144
5730
5761
6145
5731
5762
6146
5732
5763
6147
5733
5764
6148
5734
5765
6149
5735
5766
6150
5736
5767
6151
5737
5768
6152
5738
5769
6153
5739
5770
6154
5740
5771
6155
5741
5772
6156
5742
5773
6157
5743
5774
6158
5744
5775
6159
5745
5776
6160
5746
5777
6161
5747
5778
6162
5748
5779
6163
5749
5780
6164
5750
5781
6165
5751
5782
6166
5752
5783
6167
5753
5784
6168
5754
5785
6169
5755
5786
6170
5756
5787
6171
5757
5788
6172
5758
5789
6173
5759
5790
6174
5791
6175
5761
5792
6176
5762
5793
6177
5763
5794
6178
5764
5795
6179
5765
5796
6180
5766
5797
6181
5767
5798
6182
5768
5799
6183
5769
5800
6184
5770
5801
6185
5771
5802
6186
5772
5803
6187
5773
5804
6188
5774
5805
6189
5775
5806
6190
5776
5807
6191
5777
5808
6192
5778
5809
6193
5779
5810
6194
5780
5811
6195
5781
5812
6196
5782
5813
6197
5783
5814
6198
5784
5815
6199
5785
5816
6200
5786
5817
6201
5787
5818
6202
5788
5819
6203
5789
5820
6204
5790
5821
6205
5791
5822
6206
5823
6207
5793
6208
5794
6209
5795
6210
5796
6211
5797
6212
5798
6213
5799
6214
5800
6215
5801
6216
5802
6217
5803
6218
5804
6219
5805
6220
5806
6221
5807
6222
5808
6223
5809
6224
5810
6225
5811
6226
5812
6227
5813
6228
5814
6229
5815
6230
5816
6231
5817
6232
5818
6233
5819
6234
5820
6235
5821
6236
5822
6237
5823
6238
6239
5825
5856
6240
5826
5857
6241
5827
5858
6242
5828
5859
6243
5829
5860
6244
5830
5861
6245
5831
5862
6246
5832
5863
6247
5833
5864
6248
5834
5865
6249
5835
5866
6250
5836
5867
6251
5837
5868
6252
5838
5869
6253
5839
5870
6254
5840
5871
6255
5841
5872
6256
5842
5873
6257
5843
5874
6258
5844
5875
6259
5845
5876
6260
5846
5877
6261
5847
5878
6262
5848
5879
6263
5849
5880
6264
5850
5881
6265
5851
5882
6266
5852
5883
6267
5853
5884
6268
5854
5885
6269
5855
5886
6270
5887
6271
5857
5888
6272
5858
5889
6273
5859
5890
6274
5860
5891
6275
5861
5892
6276
5862
5893
6277
5863
5894
6278
5864
5895
6279
5865
5896
6280
5866
5897
6281
5867
5898
6282
5868
5899
6283
5869
5900
6284
5870
5901
6285
5871
5902
6286
5872
5903
6287
5873
5904
6288
5874
5905
6289
5875
5906
6290
5876
5907
6291
5877
5908
6292
5878
5909
6293
5879
5910
6294
5880
5911
6295
5881
5912
6296
5882
5913
6297
5883
5914
6298
5884
5915
6299
5885
5916
6300
5886
5917
6301
5887
5918
6302
5919
6303
5889
5920
6304
5890
5921
6305
5891
5922
6306
5892
5923
6307
5893
5924
6308
5894
5925
6309
5895
5926
6310
5896
5927
6311
5897
5928
6312
5898
5929
6313
5899
5930
6314
5900
5931
6315
5901
5932
6316
5902
5933
6317
5903
5934
6318
5904
5935
6319
5905
5936
6320
5906
5937
6321
5907
5938
6322
5908
5939
6323
5909
5940
6324
5910
5941
6325
5911
5942
6326
5912
5943
6327
5913
5944
6328
5914
5945
6329
5915
5946
6330
5916
5947
6331
5917
5948
6332
5918
5949
6333
5919
5950
6334
5951
6335
5921
5952
6336
5922
5953
6337
5923
5954
6338
5924
5955
6339
5925
5956
6340
5926
5957
6341
5927
5958
6342
5928
5959
6343
5929
5960
6344
5930
5961
6345
5931
5962
6346
5932
5963
6347
5933
5964
6348
5934
5965
6349
5935
5966
6350
5936
5967
6351
5937
5968
6352
5938
5969
6353
5939
5970
6354
5940
5971
6355
5941
5972
6356
5942
5973
6357
5943
5974
6358
5944
5975
6359
5945
5976
6360
5946
5977
6361
5947
5978
6362
5948
5979
6363
5949
5980
6364
5950
5981
6365
5951
5982
6366
5983
6367
5953
5984
6368
5954
5985
6369
5955
5986
6370
5956
5987
6371
5957
5988
6372
5958
5989
6373
5959
5990
6374
5960
5991
6375
5961
5992
6376
5962
5993
6377
5963
5994
6378
5964
5995
6379
5965
5996
6380
5966
5997
6381
5967
5998
6382
5968
5999
6383
5969
6000
6384
5970
6001
6385
5971
6002
6386
5972
6003
6387
5973
6004
6388
5974
6005
6389
5975
6006
6390
5976
6007
6391
5977
6008
6392
5978
6009
6393
5979
6010
6394
5980
6011
6395
5981
6012
6396
5982
6013
6397
5983
6014
6398
6015
6399
5985
6016
6400
5986
6017
6401
5987
6018
6402
5988
6019
6403
5989
6020
6404
5990
6021
6405
5991
6022
6406
5992
6023
6407
5993
6024
6408
5994
6025
6409
5995
6026
6410
5996
6027
6411
5997
6028
6412
5998
6029
6413
5999
6030
6414
6000
6031
6415
6001
6032
6416
6002
6033
6417
6003
6034
6418
6004
6035
6419
6005
6036
6420
6006
6037
6421
6007
6038
6422
6008
6039
6423
6009
6040
6424
6010
6041
6425
6011
6042
6426
6012
6043
6427
6013
6044
6428
6014
6045
6429
6015
6046
6430
6047
6431
6017
6048
6432
6018
6049
6433
6019
6050
6434
6020
6051
6435
6021
6052
6436
6022
6053
6437
6023
6054
6438
6024
6055
6439
6025
6056
6440
6026
6057
6441
6027
6058
6442
6028
6059
6443
6029
6060
6444
6030
6061
6445
6031
6062
6446
6032
6063
6447
6033
6064
6448
6034
6065
6449
6035
6066
6450
6036
6067
6451
6037
6068
6452
6038
6069
6453
6039
6070
6454
6040
6071
6455
6041
6072
6456
6042
6073
6457
6043
6074
6458
6044
6075
6459
6045
6076
6460
6046
6077
6461
6047
6078
6462
6079
6463
6049
6080
6464
6050
6081
6465
6051
6082
6466
6052
6083
6467
6053
6084
6468
6054
6085
6469
6055
6086
6470
6056
6087
6471
6057
6088
6472
6058
6089
6473
6059
6090
6474
6060
6091
6475
6061
6092
6476
6062
6093
6477
6063
6094
6478
6064
6095
6479
6065
6096
6480
6066
6097
6481
6067
6098
6482
6068
6099
6483
6069
6100
6484
6070
6101
6485
6071
6102
6486
6072
6103
6487
6073
6104
6488
6074
6105
6489
6075
6106
6490
6076
6107
6491
6077
6108
6492
6078
6109
6493
6079
6110
6494
6111
6495
6081
6112
6496
6082
6113
6497
6083
6114
6498
6084
6115
6499
6085
6116
6500
6086
6117
6501
6087
6118
6502
6088
6119
6503
6089
6120
6504
6090
6121
6505
6091
6122
6506
6092
6123
6507
6093
6124
6508
6094
6125
6509
6095
6126
6510
6096
6127
6511
6097
6128
6512
6098
6129
6513
6099
6130
6514
6100
6131
6515
6101
6132
6516
6102
6133
6517
6103
6134
6518
6104
6135
6519
6105
6136
6520
6106
6137
6521
6107
6138
6522
6108
6139
6523
6109
6140
6524
6110
6141
6525
6111
6142
6526
6143
6527
6113
6144
6528
6114
6145
6529
6115
6146
6530
6116
6147
6531
6117
6148
6532
6118
6149
6533
6119
6150
6534
6120
6151
6535
6121
6152
6536
6122
6153
6537
6123
6154
6538
6124
6155
6539
6125
6156
6540
6126
6157
6541
6127
6158
6542
6128
6159
6543
6129
6160
6544
6130
6161
6545
6131
6162
6546
6132
6163
6547
6133
6164
6548
6134
6165
6549
6135
6166
6550
6136
6167
6551
6137
6168
6552
6138
6169
6553
6139
6170
6554
6140
6171
6555
6141
6172
6556
6142
6173
6557
6143
6174
6558
6175
6559
6145
6176
6560
6146
6177
6561
6147
6178
6562
6148
6179
6563
6149
6180
6564
6150
6181
6565
6151
6182
6566
6152
6183
6567
6153
6184
6568
6154
6185
6569
6155
6186
6570
6156
6187
6571
6157
6188
6572
6158
6189
6573
6159
6190
6574
6160
6191
6575
6161
6192
6576
6162
6193
6577
6163
6194
6578
6164
6195
6579
6165
6196
6580
6166
6197
6581
6167
6198
6582
6168
6199
6583
6169
6200
6584
6170
6201
6585
6171
6202
6586
6172
6203
6587
6173
6204
6588
6174
6205
6589
6175
6206
6590
6207
6591
6177
6208
6592
6178
6209
6593
6179
6210
6594
6180
6211
6595
6181
6212
6596
6182
6213
6597
6183
6214
6598
6184
6215
6599
6185
6216
6600
6186
6217
6601
6187
6218
6602
6188
6219
6603
6189
6220
6604
6190
6221
6605
6191
6222
6606
6192
6223
6607
6193
6224
6608
6194
6225
6609
6195
6226
6610
6196
6227
6611
6197
6228
6612
6198
6229
6613
6199
6230
6614
6200
6231
6615
6201
6232
6616
6202
6233
6617
6203
6234
6618
6204
6235
6619
6205
6236
6620
6206
6237
6621
6207
6238
6622
6239
6623
6209
6624
6210
6625
6211
6626
6212
6627
6213
6628
6214
6629
6215
6630
6216
6631
6217
6632
6218
6633
6219
6634
6220
6635
6221
6636
6222
6637
6223
6638
6224
6639
6225
6640
6226
6641
6227
6642
6228
6643
6229
6644
6230
6645
6231
6646
6232
6647
6233
6648
6234
6649
6235
6650
6236
6651
6237
6652
6238
6653
6239
6654
6655
6241
6272
6242
6273
6243
6274
6244
6275
6245
6276
6246
6277
6247
6278
6248
6279
6249
6280
6250
6281
6251
6282
6252
6283
6253
6284
6254
6285
6255
6286
6256
6287
6257
6288
6258
6289
6259
6290
6260
6291
6261
6292
6262
6293
6263
6294
6264
6295
6265
6296
6266
6297
6267
6298
6268
6299
6269
6300
6270
6301
6271
6302
6303
6273
6304
6274
6305
6275
6306
6276
6307
6277
6308
6278
6309
6279
6310
6280
6311
6281
6312
6282
6313
6283
6314
6284
6315
6285
6316
6286
6317
6287
6318
6288
6319
6289
6320
6290
6321
6291
6322
6292
6323
6293
6324
6294
6325
6295
6326
6296
6327
6297
6328
6298
6329
6299
6330
6300
6331
6301
6332
6302
6333
6303
6334
6335
6305
6336
6306
6337
6307
6338
6308
6339
6309
6340
6310
6341
6311
6342
6312
6343
6313
6344
6314
6345
6315
6346
6316
6347
6317
6348
6318
6349
6319
6350
6320
6351
6321
6352
6322
6353
6323
6354
6324
6355
6325
6356
6326
6357
6327
6358
6328
6359
6329
6360
6330
6361
6331
6362
6332
6363
6333
6364
6334
6365
6335
6366
6367
6337
6368
6338
6369
6339
6370
6340
6371
6341
6372
6342
6373
6343
6374
6344
6375
6345
6376
6346
6377
6347
6378
6348
6379
6349
6380
6350
6381
6351
6382
6352
6383
6353
6384
6354
6385
6355
6386
6356
6387
6357
6388
6358
6389
6359
6390
6360
6391
6361
6392
6362
6393
6363
6394
6364
6395
6365
6396
6366
6397
6367
6398
6399
6369
6400
6370
6401
6371
6402
6372
6403
6373
6404
6374
6405
6375
6406
6376
6407
6377
6408
6378
6409
6379
6410
6380
6411
6381
6412
6382
6413
6383
6414
6384
6415
6385
6416
6386
6417
6387
6418
6388
6419
6389
6420
6390
6421
6391
6422
6392
6423
6393
6424
6394
6425
6395
6426
6396
6427
6397
6428
6398
6429
6399
6430
6431
6401
6432
6402
6433
6403
6434
6404
6435
6405
6436
6406
6437
6407
6438
6408
6439
6409
6440
6410
6441
6411
6442
6412
6443
6413
6444
6414
6445
6415
6446
6416
6447
6417
6448
6418
6449
6419
6450
6420
6451
6421
6452
6422
6453
6423
6454
6424
6455
6425
6456
6426
6457
6427
6458
6428
6459
6429
6460
6430
6461
6431
6462
6463
6433
6464
6434
6465
6435
6466
6436
6467
6437
6468
6438
6469
6439
6470
6440
6471
6441
6472
6442
6473
6443
6474
6444
6475
6445
6476
6446
6477
6447
6478
6448
6479
6449
6480
6450
6481
6451
6482
6452
6483
6453
6484
6454
6485
6455
6486
6456
6487
6457
6488
6458
6489
6459
6490
6460
6491
6461
6492
6462
6493
6463
6494
6495
6465
6496
6466
6497
6467
6498
6468
6499
6469
6500
6470
6501
6471
6502
6472
6503
6473
6504
6474
6505
6475
6506
6476
6507
6477
6508
6478
6509
6479
6510
6480
6511
6481
6512
6482
6513
6483
6514
6484
6515
6485
6516
6486
6517
6487
6518
6488
6519
6489
6520
6490
6521
6491
6522
6492
6523
6493
6524
6494
6525
6495
6526
6527
6497
6528
6498
6529
6499
6530
6500
6531
6501
6532
6502
6533
6503
6534
6504
6535
6505
6536
6506
6537
6507
6538
6508
6539
6509
6540
6510
6541
6511
6542
6512
6543
6513
6544
6514
6545
6515
6546
6516
6547
6517
6548
6518
6549
6519
6550
6520
6551
6521
6552
6522
6553
6523
6554
6524
6555
6525
6556
6526
6557
6527
6558
6559
6529
6560
6530
6561
6531
6562
6532
6563
6533
6564
6534
6565
6535
6566
6536
6567
6537
6568
6538
6569
6539
6570
6540
6571
6541
6572
6542
6573
6543
6574
6544
6575
6545
6576
6546
6577
6547
6578
6548
6579
6549
6580
6550
6581
6551
6582
6552
6583
6553
6584
6554
6585
6555
6586
6556
6587
6557
6588
6558
6589
6559
6590
6591
6561
6592
6562
6593
6563
6594
6564
6595
6565
6596
6566
6597
6567
6598
6568
6599
6569
6600
6570
6601
6571
6602
6572
6603
6573
6604
6574
6605
6575
6606
6576
6607
6577
6608
6578
6609
6579
6610
6580
6611
6581
6612
6582
6613
6583
6614
6584
6615
6585
6616
6586
6617
6587
6618
6588
6619
6589
6620
6590
6621
6591
6622
6623
6593
6624
6594
6625
6595
6626
6596
6627
6597
6628
6598
6629
6599
6630
6600
6631
6601
6632
6602
6633
6603
6634
6604
6635
6605
6636
6606
6637
6607
6638
6608
6639
6609
6640
6610
6641
6611
6642
6612
6643
6613
6644
6614
6645
6615
6646
6616
6647
6617
6648
6618
6649
6619
6650
6620
6651
6621
6652
6622
6653
6623
6654
6655
6625
6626
6627
6628
6629
6630
6631
6632
6633
6634
6635
6636
6637
6638
6639
6640
6641
6642
6643
6644
6645
6646
6647
6648
6649
6650
6651
6652
6653
6654
6655
)


// ************************************************************************* //
