/*--------------------------------*- C++ -*----------------------------------*\
| =========                 |                                                 |
| \\      /  F ield         | OpenFOAM: The Open Source CFD Toolbox           |
|  \\    /   O peration     | Version:  2.2.1                                 |
|   \\  /    A nd           | Web:      www.OpenFOAM.org                      |
|    \\/     M anipulation  |                                                 |
\*---------------------------------------------------------------------------*/
FoamFile
{
    version     2.0;
    format      ascii;
    class       faceSet;
    location    "constant/polyMesh/sets";
    object      nonOrthoFaces;
}
// * * * * * * * * * * * * * * * * * * * * * * * * * * * * * * * * * * * * * //


367
(
36934 
36935 
36936 
36937 
36938 
36939 
36940 
36941 
36942 
36943 
36945 
37029 
37030 
37031 
37032 
37033 
37034 
37035 
37036 
37037 
37038 
37040 
37124 
37125 
37126 
37127 
37128 
37129 
37130 
37131 
37132 
37133 
37134 
37135 
37137 
41257 
37219 
37220 
37221 
37222 
37223 
37224 
37225 
37226 
37227 
37228 
37229 
37230 
37231 
37232 
37234 
41351 
41352 
41354 
37314 
37315 
37316 
37317 
37318 
37319 
37320 
37321 
37322 
37323 
37324 
37325 
37326 
37327 
37328 
37329 
41446 
41447 
41448 
41449 
41451 
37409 
37410 
37411 
37412 
37413 
37414 
37415 
37416 
37417 
37418 
37419 
37420 
37421 
37422 
37423 
37424 
37426 
41541 
41542 
41543 
41544 
41545 
41546 
41548 
37504 
37505 
37506 
37507 
37508 
37509 
37510 
37511 
37512 
37513 
37514 
37515 
37516 
37517 
37518 
37519 
37520 
37521 
37523 
41636 
41637 
41638 
41639 
41640 
41641 
41643 
37599 
37600 
37601 
37602 
37603 
37604 
37605 
37606 
37607 
37608 
37609 
37610 
37611 
37612 
37613 
37614 
37615 
37616 
37618 
41731 
41732 
41733 
41734 
41735 
41736 
41737 
41738 
41740 
37694 
37695 
37696 
37697 
37698 
37699 
37700 
37701 
37702 
37703 
37704 
37705 
37706 
37707 
37708 
37709 
37710 
37711 
37712 
37713 
41826 
41827 
41828 
41829 
41830 
41831 
41832 
41833 
41834 
41835 
41837 
37789 
37790 
37791 
37792 
37793 
37794 
37795 
37796 
37797 
37798 
37799 
37800 
37801 
37802 
37803 
37804 
37805 
37806 
37807 
37808 
41921 
41922 
41923 
41924 
41925 
41926 
41927 
41928 
41929 
41930 
41932 
37884 
37885 
37886 
37887 
37888 
37889 
37890 
37891 
37892 
37893 
37894 
37895 
37896 
37897 
37898 
37899 
37900 
37901 
37902 
37903 
42016 
42017 
42018 
42019 
42020 
42021 
42022 
42023 
42024 
42025 
42026 
42027 
37979 
37980 
37981 
37982 
37983 
37984 
37985 
37986 
37987 
37988 
37989 
37990 
37991 
37992 
37993 
37994 
37995 
37996 
37997 
37998 
42111 
42112 
42113 
42114 
42115 
42116 
42117 
42118 
42119 
42120 
42121 
42122 
38078 
38080 
38082 
38083 
38084 
38085 
38086 
38087 
38088 
38089 
38090 
42206 
42207 
42208 
42209 
42210 
42211 
42212 
42213 
42214 
42215 
42216 
42217 
42301 
42302 
42303 
42304 
42305 
42306 
42307 
42308 
42309 
42310 
42311 
42312 
42396 
42397 
42398 
42399 
42400 
42401 
42402 
42403 
42404 
42405 
42407 
42491 
42492 
42493 
42494 
42495 
42496 
42497 
42498 
42499 
42500 
42586 
42587 
42588 
42589 
42590 
42591 
42592 
42593 
42681 
42682 
42683 
36555 
36649 
36650 
36652 
36654 
36744 
36745 
36746 
36747 
36748 
36749 
36751 
36839 
36840 
36841 
36842 
36843 
36844 
36845 
36846 
36848 
)

// ************************************************************************* //
